ni	xi
121	2
388	6
599	9
521	7
560	9
624	4
432	8
643	18
599	10
589	10
537	12
684	8
751	17
585	13
462	5
660	17
607	4
591	9
463	11
647	15
653	2
318	6
444	8
702	8
581	9
385	3
603	6
650	13
541	12
263	2
569	5
161	4
314	2
301	3
644	21
574	10
624	7
590	7
516	8
669	12
623	6
545	3
464	1
563	3
694	7
278	7
522	7
694	18
562	8
198	2
410	3
628	8
445	8
539	5
606	9
636	10
638	6
619	11
610	10
690	5
423	4
643	11
336	6
634	24
288	4
572	4
382	3
617	11
653	6
483	5
564	4
250	2
567	6
230	4
391	8
540	12
642	13
616	9
411	7
441	2
541	3
650	14
521	3
744	1
483	7
660	2
363	4
152	3
671	12
519	10
452	7
583	8
140	2
515	9
329	4
645	4
359	4
625	2
280	5
452	7
457	3
568	5
573	11
338	2
433	3
186	3
453	1
354	2
603	2
564	2
392	8
149	0
101	1
318	5
342	4
574	4
629	5
179	1
600	10
356	3
692	7
537	7
609	10
347	11
641	5
645	5
219	3
422	8
452	7
535	7
645	13
261	3
639	6
630	11
200	1
297	6
144	1
652	8
332	2
602	5
591	8
644	7
591	1
587	5
749	4
562	7
463	1
275	5
490	4
586	7
279	3
651	5
431	2
628	5
566	6
579	5
329	7
606	7
639	5
383	3
330	2
637	7
655	10
695	8
608	6
630	9
512	3
468	10
507	7
149	4
535	3
656	17
580	0
544	5
704	6
167	0
552	13
594	3
391	5
563	7
477	6
646	10
626	7
687	11
359	4
271	4
541	4
240	1
454	4
242	2
628	11
668	2
362	4
256	3
583	9
638	6
735	6
612	8
750	12
505	9
272	5
638	5
688	11
607	1
590	7
522	7
649	7
631	6
181	0
194	2
330	3
643	15
749	5
264	4
607	6
611	19
612	23
129	1
307	8
196	6
701	8
472	3
659	5
740	13
599	8
563	5
186	0
611	5
555	2
581	8
650	8
634	13
597	9
205	5
593	2
601	4
561	8
667	10
618	18
638	18
629	10
590	10
383	3
369	3
541	6
477	7
659	4
663	7
666	2
336	1
696	7
574	5
427	7
585	11
528	4
577	5
539	9
170	1
344	4
350	6
488	2
537	12
568	5
654	11
469	5
325	2
642	11
479	7
596	3
595	2
648	11
497	5
477	0
352	3
599	9
420	4
338	3
594	4
174	2
751	9
573	5
592	4
591	2
636	8
561	6
640	13
620	6
420	5
382	5
617	8
625	6
634	10
507	7
594	7
685	6
620	9
754	12
402	1
596	4
677	21
361	5
604	11
465	4
693	7
600	6
647	7
569	8
524	9
651	5
560	6
619	15
608	6
653	5
598	8
194	1
607	11
714	3
571	8
642	3
623	5
618	10
588	11
678	6
510	5
672	9
136	1
595	4
609	7
347	3
426	4
609	9
181	2
416	3
247	2
669	11
656	6
108	4
650	9
737	8
224	1
346	6
638	10
357	3
135	1
332	7
122	1
559	8
136	2
415	6
592	5
618	8
583	8
635	12
593	6
581	7
604	6
592	10
605	7
576	3
628	14
260	4
738	7
611	8
631	10
244	1
687	5
116	3
651	7
658	10
543	7
621	7
440	3
589	11
597	4
631	12
542	7
615	7
411	4
607	6
573	4
225	0
600	9
263	3
621	14
687	3
644	6
600	6
466	5
621	8
592	7
641	8
589	6
637	13
581	9
656	6
614	6
157	1
678	6
621	3
657	3
584	3
593	7
639	4
517	3
619	3
685	5
350	3
284	3
451	4
650	6
465	3
717	9
598	6
455	8
608	7
622	6
762	4
585	6
639	2
617	9
600	4
199	0
748	11
151	0
445	6
283	2
589	13
352	5
615	6
608	9
619	8
540	5
567	6
197	4
297	1
217	3
534	7
611	8
583	6
488	8
673	10
387	6
375	6
574	8
648	4
619	8
380	2
298	3
592	5
551	5
641	5
670	4
684	3
580	7
576	4
605	3
594	9
567	5
654	3
664	8
408	5
379	4
223	5
635	4
629	4
658	10
316	2
619	9
513	5
613	5
570	5
418	4
378	3
616	8
669	3
358	4
155	4
333	0
570	5
338	9
487	3
640	5
643	5
579	6
426	4
458	4
548	13
613	17
670	14
619	16
619	14
643	10
282	2
159	3
504	7
483	9
418	14
233	1
553	8
338	3
204	0
359	5
622	5
752	3
351	6
241	1
330	5
429	9
576	4
436	8
613	10
557	5
424	7
514	7
579	8
244	3
514	12
372	8
608	9
205	7
683	8
668	7
269	2
444	11
591	5
214	4
602	6
231	6
698	15
594	11
603	9
631	8
655	18
619	5
333	1
615	7
533	7
618	4
677	8
415	6
561	11
599	8
587	3
452	5
401	1
604	4
627	5
210	0
627	8
660	3
626	11
729	16
526	5
519	7
653	8
635	8
550	3
306	2
627	0
648	3
230	2
643	3
584	8
523	8
628	8
562	3
374	0
555	5
625	8
364	2
301	3
223	4
578	8
336	1
451	7
575	11
632	7
626	9
438	6
595	3
706	9
454	5
135	1
659	7
275	6
559	8
532	4
599	6
659	9
747	5
650	24
677	14
477	4
407	5
612	11
640	3
666	3
571	6
682	7
320	1
238	1
563	10
533	5
466	6
662	6
605	3
637	9
603	6
630	3
465	4
282	2
493	2
615	8
595	6
584	7
349	3
398	3
523	8
540	3
579	12
476	6
656	8
294	6
111	0
709	12
130	2
381	3
553	9
506	4
598	3
645	5
554	4
609	7
566	5
590	4
474	11
624	8
519	7
572	11
631	7
308	4
270	1
687	7
428	4
434	4
547	3
585	4
505	6
581	7
228	3
294	3
339	3
603	3
609	4
493	2
166	3
284	2
617	15
205	1
642	4
492	3
629	12
377	2
433	4
628	11
260	1
652	3
529	12
482	2
386	5
649	11
700	19
653	12
633	9
356	5
580	6
586	3
561	13
383	5
537	6
594	11
554	2
529	8
667	10
197	1
299	6
642	4
383	2
664	14
648	5
583	7
631	1
549	5
389	4
577	7
202	5
592	11
638	3
418	1
585	8
407	4
694	7
628	6
607	3
673	3
496	1
558	4
497	5
671	8
355	4
660	4
613	5
694	12
582	3
668	5
434	10
314	7
694	8
327	5
662	4
661	5
366	3
356	7
656	14
547	8
621	6
502	3
568	6
635	3
636	8
442	10
524	10
578	2
604	7
403	2
143	2
486	8
465	4
522	4
597	9
653	3
633	6
494	12
631	4
381	4
611	2
297	3
505	6
404	2
731	9
363	3
679	6
570	12
556	8
437	5
635	10
287	2
473	4
608	6
560	5
585	6
314	2
536	1
617	4
660	13
646	7
442	5
656	4
514	11
358	6
576	11
596	6
567	11
618	12
628	11
444	16
403	7
572	13
526	5
418	2
611	7
690	14
258	3
423	9
407	8
396	5
385	10
558	6
671	7
418	16
292	3
165	4
600	8
573	4
378	2
149	3
574	11
278	7
516	4
609	10
567	7
396	3
627	8
261	2
601	7
318	2
486	7
469	4
563	5
247	0
589	6
142	3
494	5
204	2
597	6
587	5
600	13
474	2
646	4
652	9
267	2
463	7
365	1
239	6
667	7
579	13
586	10
173	1
663	9
495	11
344	5
290	3
345	1
575	5
403	3
379	2
106	0
441	2
751	10
103	2
442	6
607	10
633	6
603	7
603	4
138	2
574	3
413	7
426	1
428	3
318	5
257	1
656	8
546	8
534	3
622	6
617	10
648	2
649	6
651	12
658	16
583	10
562	7
409	4
533	1
634	5
513	6
620	4
678	10
572	11
603	7
374	4
609	4
580	5
586	13
246	4
592	7
129	0
453	3
688	3
680	2
430	1
604	4
599	10
608	7
601	2
149	1
579	4
632	5
508	9
160	1
584	12
605	6
626	13
486	1
699	6
645	5
594	5
305	7
666	8
507	3
644	9
627	9
638	4
539	7
289	4
661	10
690	7
109	1
618	6
720	6
599	8
221	3
441	4
319	3
714	9
448	2
562	9
529	10
630	5
572	9
533	1
133	2
392	4
747	8
678	11
327	7
635	5
666	3
167	1
612	3
426	3
569	1
410	4
638	3
557	4
557	7
300	5
550	5
727	12
527	5
289	4
507	5
402	3
608	5
592	5
567	18
605	3
642	9
698	6
165	1
258	6
469	5
647	7
656	5
268	1
486	16
684	9
450	7
583	8
369	3
598	9
422	8
459	2
596	10
584	4
518	7
700	8
663	6
546	7
207	1
330	5
527	7
539	7
506	5
454	7
621	6
641	5
614	10
603	9
625	11
446	2
312	1
527	5
536	2
657	6
407	4
646	13
744	8
119	1
436	4
457	10
356	1
670	8
654	5
183	2
638	4
369	3
259	9
512	6
598	9
575	8
564	9
616	7
621	9
595	8
547	2
296	3
304	2
196	1
353	4
522	8
280	4
646	5
659	9
364	5
253	3
394	4
586	11
590	6
283	6
625	9
624	10
547	3
624	7
291	5
692	10
269	3
619	11
704	7
607	15
339	2
140	0
599	6
643	13
225	4
640	5
242	3
495	4
603	6
549	10
584	4
643	1
316	2
390	4
276	3
447	5
604	5
407	6
476	6
730	9
660	6
527	3
562	8
560	7
544	3
468	1
614	5
569	6
228	3
232	6
596	5
638	7
625	10
310	5
280	3
623	9
467	11
617	12
731	11
301	2
713	6
354	7
460	7
573	5
605	4
552	9
479	13
752	7
610	11
512	4
473	2
269	1
382	7
567	14
335	3
469	5
439	7
442	13
639	10
741	5
478	4
655	4
580	6
441	7
176	1
333	4
488	5
239	2
504	6
236	3
505	7
282	3
626	3
419	3
595	12
751	5
521	11
590	6
236	5
286	2
291	3
338	4
662	6
658	10
505	8
585	14
149	2
244	10
725	12
611	3
449	5
213	3
677	15
122	2
633	8
564	2
649	8
242	4
473	7
279	10
337	4
664	14
525	11
289	9
631	9
413	3
523	4
495	10
351	3
712	12
504	3
117	0
583	3
163	3
595	7
357	4
525	16
577	5
664	5
630	11
745	19
388	5
221	2
491	5
355	9
640	6
448	11
515	7
607	8
558	7
678	6
617	8
549	7
224	4
340	6
656	13
109	0
520	3
275	1
499	12
383	5
455	5
647	5
527	8
598	4
643	8
658	6
586	7
288	9
637	4
264	6
608	5
564	7
593	11
378	6
702	15
620	6
194	1
313	6
355	2
543	5
559	9
689	16
365	5
581	11
311	3
534	13
628	8
358	5
750	7
489	7
462	7
584	13
479	2
532	5
527	9
604	10
245	3
683	18
403	3
650	3
549	5
597	5
591	10
476	13
294	3
216	4
357	2
234	5
668	4
603	13
312	9
609	8
628	4
554	6
440	11
666	9
570	7
602	9
211	3
685	4
623	13
534	6
652	12
590	4
685	10
127	1
364	2
407	3
664	7
703	5
568	7
438	5
465	7
651	5
628	12
631	9
746	6
588	10
519	7
400	5
511	4
678	9
382	3
261	5
662	5
547	10
750	12
643	6
615	5
347	3
673	8
251	1
392	3
656	8
557	7
454	5
373	5
306	4
571	3
357	0
556	3
559	16
613	7
631	11
494	8
119	1
628	8
425	6
349	5
365	11
293	3
543	7
168	1
582	3
335	2
440	6
572	13
489	10
637	7
333	1
632	6
539	14
615	7
617	4
591	17
548	7
501	10
570	20
663	8
472	5
647	4
502	9
583	9
709	6
418	4
331	5
600	3
539	5
629	14
744	9
589	11
574	9
576	3
383	5
587	9
563	5
522	12
479	6
648	5
411	6
599	13
634	7
369	2
620	9
297	3
333	10
278	6
169	3
310	2
539	6
427	14
615	10
107	2
562	8
431	3
619	10
598	4
534	7
601	9
581	4
617	4
658	7
207	1
620	5
293	5
556	13
310	3
512	5
634	7
443	7
369	0
459	9
660	16
609	6
334	7
432	3
292	2
336	6
602	8
552	13
205	2
551	8
114	1
657	4
116	2
470	5
509	7
376	1
715	7
668	9
692	11
523	6
665	6
599	4
507	2
317	5
752	15
318	3
502	2
304	4
681	7
429	2
576	4
604	4
550	5
568	2
717	5
506	3
648	14
640	16
225	4
457	9
354	10
239	5
618	4
451	4
479	11
569	7
456	6
475	7
609	10
427	12
517	8
653	16
367	10
566	10
692	6
261	4
646	10
512	1
568	7
295	3
305	4
580	16
539	9
551	6
468	6
252	4
369	1
223	4
170	2
643	11
341	1
215	0
655	5
396	4
585	5
634	5
647	8
504	6
410	3
425	2
562	3
566	5
574	13
440	6
453	4
610	6
224	3
604	3
618	6
644	16
625	5
570	5
620	14
417	8
503	8
567	10
658	5
628	11
654	6
316	2
605	9
601	10
744	10
237	7
593	11
692	9
252	1
426	4
441	10
510	5
327	8
661	24
575	7
539	10
613	7
364	5
183	1
297	7
448	5
601	10
474	7
212	3
389	5
558	11
579	11
618	5
650	10
639	7
539	1
623	4
454	8
576	15
467	6
586	6
601	14
612	5
435	5
752	10
643	9
205	0
563	6
547	3
334	4
656	8
609	7
562	6
293	5
540	7
605	19
609	9
528	4
318	6
132	0
688	7
265	3
168	4
603	4
573	8
525	7
530	6
652	12
491	1
661	5
587	6
330	2
639	4
450	5
677	7
305	6
145	1
756	8
497	3
478	5
571	4
342	3
519	2
382	6
752	8
656	6
426	11
622	3
490	9
567	5
542	10
341	9
675	16
262	3
280	3
440	4
339	5
268	2
501	5
552	5
568	5
243	4
599	11
620	9
422	2
683	6
204	2
652	2
345	1
418	3
643	8
646	5
594	11
597	5
605	3
507	5
599	8
678	11
646	7
594	8
412	0
297	6
269	1
458	13
386	7
318	3
607	4
569	21
141	1
194	2
326	5
387	3
107	0
605	6
610	13
620	11
652	5
576	3
622	7
580	14
393	9
619	7
635	11
236	1
747	7
628	5
752	2
503	7
566	6
564	6
340	2
146	1
371	3
513	5
576	0
521	7
535	6
436	4
608	3
350	3
242	4
676	10
389	6
597	11
454	4
651	5
535	6
616	10
495	20
701	10
571	7
263	2
631	7
315	11
573	4
165	0
520	8
293	2
546	12
280	5
379	6
452	10
600	6
592	10
647	8
686	5
550	8
590	12
619	17
503	6
523	7
410	7
550	10
622	23
247	3
563	11
485	14
295	4
572	4
599	8
641	11
426	4
163	3
462	9
319	4
280	11
576	7
526	6
119	4
751	11
546	7
616	5
625	2
404	1
291	7
589	9
475	6
477	6
503	6
626	5
308	5
346	7
471	9
387	4
538	4
338	1
496	2
567	7
242	3
374	8
268	0
301	3
436	5
423	3
407	5
585	9
219	4
241	1
568	6
621	8
681	4
141	0
580	4
642	8
747	6
390	9
295	4
225	2
726	9
588	6
592	8
600	10
539	4
479	5
603	10
679	6
461	7
319	6
580	10
448	5
750	15
528	10
575	7
704	8
585	8
570	11
680	9
170	5
375	5
548	9
135	0
376	12
592	1
119	2
381	4
639	2
626	18
584	4
272	4
580	4
554	9
589	7
608	7
669	8
310	5
621	9
462	7
645	12
413	12
302	8
634	7
559	10
315	9
466	11
579	11
295	6
660	14
605	13
760	7
549	9
656	1
619	8
585	9
237	4
306	3
459	9
526	0
510	8
601	7
260	9
275	1
674	4
424	30
468	9
614	6
314	5
439	4
595	4
599	10
408	8
529	5
612	5
600	3
560	13
539	6
287	8
615	12
481	10
147	1
403	4
560	10
603	15
640	10
301	6
187	0
434	4
334	3
617	8
624	12
534	14
605	9
220	1
745	9
565	7
646	8
594	5
371	8
609	10
636	9
642	10
597	7
737	7
306	4
364	5
624	13
440	4
491	4
753	10
604	4
554	11
661	17
382	10
278	1
644	5
527	5
155	0
495	9
372	4
114	0
551	5
561	16
580	14
106	3
201	4
659	16
281	3
624	5
512	5
249	5
329	9
613	10
456	11
579	16
298	2
562	7
147	3
346	1
616	6
615	6
580	14
641	7
635	10
376	2
230	3
541	4
152	3
558	4
749	16
535	12
656	9
651	8
456	6
493	4
332	4
617	8
207	0
441	4
633	7
294	0
478	1
677	11
171	6
585	23
513	5
460	7
572	12
667	15
587	8
214	1
623	4
605	9
366	1
540	12
498	6
451	6
294	3
495	7
293	4
469	7
594	12
570	9
428	4
480	9
274	1
454	5
563	5
265	6
274	4
645	6
250	4
447	4
480	4
314	3
425	6
514	10
646	13
579	14
295	4
408	4
372	3
611	9
413	7
666	5
495	7
460	3
381	9
647	9
750	8
615	10
448	6
588	10
234	5
599	2
538	1
588	5
543	5
599	2
100	0
677	2
653	4
166	1
350	5
525	8
438	4
640	12
637	10
358	8
643	10
586	9
622	9
647	4
614	6
570	9
118	1
344	3
253	2
295	2
543	6
663	8
448	4
653	4
403	4
641	16
457	3
245	1
212	1
645	7
585	7
670	8
613	5
602	7
585	10
364	9
573	5
696	11
537	5
598	9
490	4
451	1
587	8
147	2
620	14
628	5
148	3
253	2
607	11
502	4
501	1
654	6
628	0
648	5
639	3
627	10
647	4
513	6
596	3
619	5
712	18
634	7
524	8
743	8
664	11
680	3
450	8
614	3
306	2
718	8
610	9
549	15
644	8
670	11
639	9
759	7
391	1
319	5
602	1
748	4
705	11
552	4
590	5
699	8
576	3
573	7
507	0
686	3
664	7
566	4
661	7
594	7
622	5
414	5
127	2
493	1
574	6
749	9
345	7
687	13
503	11
142	4
590	5
561	1
518	4
104	0
325	1
617	5
607	5
429	5
578	2
658	10
504	8
372	6
612	10
617	7
499	10
629	12
564	2
644	11
342	3
312	7
498	4
188	3
209	4
672	6
696	5
588	13
198	0
249	3
229	2
607	14
271	4
601	11
391	4
263	2
498	5
523	9
673	5
521	1
187	0
596	9
580	4
180	0
678	9
393	10
466	5
550	6
672	8
455	2
595	5
643	3
525	8
457	4
255	1
598	4
632	5
127	2
348	3
469	0
533	4
603	3
259	2
356	6
589	3
602	3
625	2
652	9
617	6
560	11
330	3
644	4
431	8
218	2
621	8
635	11
389	5
577	7
430	8
134	0
143	3
651	7
503	4
561	4
307	4
515	7
167	3
647	16
626	7
226	4
478	1
458	6
401	3
196	2
746	11
579	5
592	2
629	6
475	3
526	13
635	3
561	4
627	4
328	4
650	7
579	6
281	3
657	2
541	7
401	17
440	3
120	0
407	4
605	6
634	7
639	4
642	5
589	8
340	3
603	3
613	11
305	2
126	1
650	6
653	15
482	12
182	2
591	6
548	13
444	2
608	4
553	9
451	11
528	8
552	6
473	10
637	8
460	4
669	5
433	6
624	10
576	6
645	6
619	8
569	4
120	4
499	4
440	6
619	6
631	2
208	1
546	7
650	4
373	1
598	7
615	3
647	3
323	2
608	7
450	4
658	5
509	1
617	8
625	7
686	13
512	11
582	8
408	4
632	12
650	12
663	11
649	8
535	4
263	2
647	4
641	7
269	5
600	5
384	4
492	4
332	3
299	3
355	6
407	7
490	14
447	7
629	3
675	5
305	5
658	8
635	5
482	7
503	9
538	5
629	6
541	5
692	6
642	9
489	6
615	11
281	3
360	4
433	7
735	11
622	5
506	6
601	5
643	4
439	11
243	2
458	6
674	6
707	12
561	8
485	4
337	3
610	5
275	4
753	6
646	7
342	4
381	5
228	7
207	0
596	13
531	10
617	7
607	4
452	1
593	9
348	2
568	8
580	8
532	10
287	3
362	2
753	14
224	6
578	3
423	4
547	6
628	5
465	4
271	4
626	6
425	5
487	3
227	5
543	5
151	4
312	5
600	6
649	5
542	3
587	5
672	10
631	3
593	11
667	20
616	6
436	8
399	5
598	8
720	5
157	0
417	13
533	4
214	0
317	1
361	3
453	6
554	10
555	7
592	4
247	1
745	7
592	7
572	4
607	9
552	17
236	9
590	11
560	12
580	12
628	10
364	1
480	3
587	3
536	5
623	6
569	2
305	0
565	4
326	6
531	3
128	2
657	6
608	7
420	6
300	5
632	0
723	12
602	4
515	5
422	4
615	10
638	4
724	9
649	10
195	4
689	5
285	2
594	6
693	4
644	5
597	5
204	1
627	5
629	3
477	9
420	6
638	8
348	10
469	1
317	2
359	7
360	1
534	10
503	6
591	3
581	3
621	5
651	6
658	1
288	5
570	11
638	3
657	4
257	1
321	4
612	9
750	10
516	6
447	4
384	3
425	4
111	0
635	6
689	8
576	3
523	0
205	0
282	4
634	9
619	3
511	5
521	6
159	2
629	9
420	7
640	6
566	7
322	1
171	4
578	4
231	2
247	2
553	10
492	4
752	12
682	2
659	7
729	15
596	8
596	6
329	2
264	4
651	3
570	11
554	5
594	9
457	4
531	10
247	1
486	5
401	2
695	11
669	7
412	9
552	8
447	3
610	19
551	9
533	5
555	4
660	8
555	8
663	14
546	4
518	9
226	3
559	10
654	10
639	5
569	9
633	6
250	3
701	7
524	4
604	9
173	4
626	8
589	7
607	2
735	10
447	7
636	6
300	5
751	10
514	4
609	13
673	9
642	11
102	4
196	3
627	14
192	1
653	8
529	9
479	3
343	4
561	11
683	6
636	10
186	0
611	9
564	8
609	11
589	9
544	2
489	6
280	4
508	3
171	2
595	9
431	6
614	8
274	2
751	11
264	3
476	6
598	10
643	12
544	8
500	8
236	1
425	8
574	8
142	2
691	7
747	5
661	7
572	4
383	6
330	0
635	3
592	11
339	5
673	6
412	5
352	4
145	2
388	3
602	11
730	7
291	1
662	5
746	10
561	7
562	10
232	2
743	7
474	4
115	1
429	1
624	5
643	4
526	6
687	12
585	3
567	9
450	2
564	5
473	1
584	6
657	6
620	6
527	9
679	5
603	11
584	5
238	2
476	12
620	10
401	10
450	7
481	2
510	6
310	2
204	1
166	2
512	5
218	4
349	12
192	2
406	9
532	6
590	11
252	2
616	6
333	5
378	5
622	2
536	4
285	6
614	10
415	1
486	14
603	6
540	7
663	12
610	10
234	2
136	2
442	8
602	12
528	5
577	18
476	8
573	5
653	6
257	5
242	0
479	6
551	5
665	3
286	2
693	12
270	5
619	10
602	13
457	4
541	13
314	2
401	9
616	5
520	11
513	11
314	6
538	12
420	9
141	0
454	10
563	7
418	8
567	12
400	5
563	16
651	6
111	1
588	6
627	10
619	6
194	2
666	11
667	23
613	11
587	3
612	4
159	5
544	9
525	20
575	6
669	2
540	9
426	3
164	3
625	6
612	11
446	10
617	11
226	9
501	12
327	12
181	2
215	2
193	1
612	9
608	10
407	3
262	1
583	8
599	12
183	1
636	5
368	3
589	7
363	9
560	4
172	2
472	9
203	5
199	1
615	15
603	8
652	13
728	4
409	4
516	4
411	3
606	12
597	2
286	2
639	13
249	1
647	3
385	1
630	12
626	3
581	4
452	3
156	4
611	4
283	1
255	3
629	7
580	10
279	5
399	7
499	1
485	4
596	1
665	5
440	2
509	7
663	6
751	6
584	8
107	3
443	2
244	2
486	7
157	3
205	2
493	6
657	8
557	3
620	10
301	5
627	14
660	8
611	7
534	8
279	5
245	4
761	10
579	3
391	1
589	3
541	10
610	4
588	9
117	3
540	5
372	13
565	5
670	8
527	7
280	3
750	16
340	4
651	4
280	3
677	10
326	6
282	2
544	9
627	7
659	8
614	7
207	2
564	7
656	5
707	3
615	1
651	4
407	6
567	7
492	9
594	7
486	8
548	9
508	4
309	3
318	4
573	3
617	7
758	14
567	11
630	14
435	2
604	17
659	9
609	5
254	5
743	14
583	10
586	3
445	2
206	0
417	5
584	6
372	4
605	6
549	3
597	4
605	14
573	3
406	10
539	7
565	8
308	3
690	11
686	15
399	3
669	4
581	13
619	10
640	6
619	5
162	4
647	12
669	10
167	3
561	6
372	10
273	3
419	5
164	2
483	3
493	13
283	0
588	3
553	6
599	5
229	3
209	0
514	2
113	5
614	8
366	7
468	3
200	3
544	6
161	0
260	3
665	8
125	3
636	5
601	6
579	4
630	7
609	6
646	7
558	6
244	2
646	11
588	7
594	8
154	3
560	7
556	5
625	13
297	0
611	4
186	0
440	5
686	5
588	3
475	5
367	5
261	4
538	9
645	6
405	3
297	5
535	3
531	6
386	0
545	6
577	6
655	5
492	9
751	6
602	2
623	3
693	10
542	4
367	4
616	3
643	6
755	3
632	3
655	4
153	2
365	3
533	4
580	12
599	8
573	4
259	1
228	0
230	3
239	1
283	1
397	4
675	12
612	13
487	6
186	2
671	6
135	1
576	6
547	5
651	7
750	11
643	9
315	1
230	3
151	1
160	4
226	4
249	1
281	1
386	3
502	5
242	2
345	0
612	5
570	6
431	5
359	5
598	4
675	8
603	7
280	2
548	12
640	10
665	9
231	4
373	5
542	6
658	14
183	1
410	1
578	4
338	8
528	16
623	5
593	9
616	5
743	3
496	2
344	11
214	5
633	8
259	3
544	10
418	11
654	11
631	6
396	5
237	1
701	6
670	7
515	6
692	13
575	2
675	12
525	7
122	4
598	2
389	5
520	10
551	15
460	10
165	1
147	2
598	9
581	12
588	6
557	9
206	1
362	7
271	3
675	14
638	11
512	6
619	6
360	3
690	3
672	8
374	2
619	2
506	2
610	4
657	14
647	7
563	5
600	5
578	12
272	7
491	5
240	5
522	20
615	4
630	3
673	4
637	6
613	11
243	4
634	14
548	4
539	11
628	10
369	3
190	3
360	4
299	0
373	7
615	5
614	11
582	8
647	13
623	4
578	2
580	10
430	5
656	15
566	32
460	6
478	4
626	7
280	2
629	11
510	10
685	10
371	3
666	5
601	3
611	2
400	4
682	7
670	15
551	7
342	2
389	3
360	5
278	5
613	5
621	8
606	5
428	9
630	8
629	12
620	5
356	3
497	6
697	4
629	6
262	6
346	0
566	6
383	9
470	12
576	5
601	6
426	5
614	11
316	6
572	7
238	5
655	17
374	2
543	8
597	9
495	6
553	4
425	7
631	4
577	6
625	5
657	3
501	8
579	9
215	2
123	1
251	2
571	8
322	4
617	7
506	6
504	5
630	7
670	17
712	6
665	5
667	5
347	6
463	4
622	6
502	4
613	8
416	6
537	5
539	8
251	8
216	5
486	4
649	6
454	2
299	4
509	8
237	5
584	5
169	1
104	2
354	1
638	8
578	11
561	1
478	9
408	6
180	4
572	8
608	5
490	7
636	7
408	4
647	18
632	4
572	10
484	9
673	4
669	6
700	7
656	11
636	5
220	2
613	13
631	5
649	7
655	9
613	3
469	4
655	16
617	7
437	3
596	6
421	8
490	5
629	6
671	4
325	6
322	1
609	2
591	12
270	5
618	8
454	25
649	4
621	5
367	2
615	21
629	13
453	4
411	7
546	15
264	1
590	6
434	5
343	4
620	14
256	7
594	11
641	12
244	3
699	3
662	5
512	10
494	7
611	20
623	11
348	4
443	4
543	7
495	10
525	6
635	5
190	2
311	2
556	1
387	6
570	13
142	2
115	0
678	7
381	4
628	6
356	7
330	4
325	5
378	6
417	7
249	4
250	7
245	4
245	4
656	10
671	6
264	6
607	4
424	11
416	2
654	11
611	9
672	5
205	4
657	4
291	6
423	6
688	13
384	3
110	2
600	12
482	5
577	6
367	3
106	2
150	1
584	8
583	6
625	4
425	9
264	1
470	8
122	1
617	6
523	12
569	8
622	9
625	7
241	2
565	11
474	5
585	3
491	5
654	8
508	3
628	10
501	11
341	5
726	10
586	7
587	4
661	7
588	4
611	11
600	9
506	5
654	21
617	4
316	3
609	9
536	11
568	7
566	10
398	7
582	8
631	7
448	5
589	7
306	2
644	11
410	0
540	7
626	9
218	2
587	7
754	20
200	2
152	1
618	7
615	4
648	17
251	1
627	6
709	5
691	16
565	4
349	3
557	10
427	2
353	0
566	6
430	6
408	4
570	7
458	7
515	2
300	3
352	9
629	10
625	5
384	6
657	2
186	8
559	8
633	5
467	4
646	6
681	10
371	3
216	3
612	6
470	5
242	7
467	3
656	6
603	11
396	1
550	5
623	11
475	8
133	0
587	9
669	7
721	13
349	5
196	2
341	8
521	8
582	8
607	11
644	3
205	4
571	6
517	3
634	7
591	10
606	6
429	3
628	5
585	6
424	4
230	0
750	8
258	4
336	6
142	3
612	8
634	7
681	5
645	10
544	4
574	8
645	11
448	3
434	4
478	6
643	3
558	8
630	5
527	3
258	0
542	5
682	6
608	7
543	4
511	2
660	7
530	5
669	8
576	8
285	1
120	1
564	1
375	2
636	9
557	3
215	5
630	5
573	8
619	11
641	7
141	2
591	3
185	0
601	8
429	3
376	6
508	5
562	1
326	5
510	10
561	8
129	5
469	5
699	10
649	14
494	4
413	7
632	3
450	10
595	4
653	7
312	2
383	4
446	5
537	3
608	15
291	2
705	3
329	5
525	4
398	7
260	5
294	1
379	2
570	3
530	8
672	9
582	3
612	3
108	2
633	8
600	13
616	10
570	8
366	2
633	5
677	8
125	1
631	9
232	1
393	4
665	12
525	9
677	9
260	3
653	3
566	3
561	9
476	6
576	10
576	3
658	7
563	6
371	2
598	4
587	4
627	7
634	4
648	8
507	4
605	4
548	9
188	0
290	5
563	3
656	12
607	16
536	6
512	4
412	3
616	9
238	1
634	7
135	2
440	3
379	4
506	8
688	5
311	2
628	6
337	3
148	2
607	8
602	0
622	11
575	3
597	9
499	6
583	10
563	9
590	7
619	5
620	6
632	5
677	1
573	2
335	0
141	1
665	4
540	5
591	8
282	4
405	4
461	4
639	5
328	2
640	7
127	1
594	8
519	5
684	3
132	1
654	12
435	7
618	8
588	7
269	3
319	3
522	9
567	13
522	3
421	2
488	9
136	5
421	3
451	2
480	6
651	7
277	4
378	3
141	0
249	3
608	7
333	5
664	20
649	5
422	3
188	2
552	3
285	6
651	16
547	9
574	7
643	12
460	7
368	6
739	16
480	5
457	2
278	9
617	5
530	6
649	7
437	1
640	8
612	9
740	1
666	10
236	2
367	7
523	9
602	9
591	3
586	10
157	0
648	5
590	4
668	11
340	2
633	11
655	10
123	2
613	3
646	13
622	8
754	8
591	6
752	3
443	4
602	4
505	7
608	5
618	5
345	6
406	3
503	4
469	10
647	7
183	1
374	7
532	7
660	6
145	4
167	0
287	3
109	0
383	6
670	9
761	3
623	14
525	6
618	13
744	7
594	14
328	5
750	6
659	2
523	4
668	10
620	11
191	4
653	9
624	5
592	5
112	2
611	9
637	9
540	3
552	5
619	3
453	5
447	5
697	13
448	5
614	11
101	1
243	1
565	11
575	2
630	9
571	8
601	7
389	3
607	8
496	8
618	6
637	3
573	5
682	14
297	4
596	2
559	6
417	6
668	7
405	6
451	1
166	0
565	3
510	7
691	7
539	6
658	9
739	9
668	15
551	16
327	4
607	5
751	11
560	10
544	5
657	8
540	5
598	7
411	4
404	2
293	3
202	5
332	9
628	8
182	0
400	5
657	4
558	17
418	4
411	4
458	6
465	2
250	3
562	6
620	10
520	10
559	9
596	5
421	15
652	12
592	11
218	6
250	3
135	1
272	4
596	7
500	3
683	8
751	7
679	9
264	5
620	6
310	6
585	12
551	4
618	5
103	0
188	4
263	5
612	3
642	3
183	3
476	3
444	3
587	8
569	11
434	6
668	10
221	0
487	14
750	10
171	3
494	10
227	3
394	5
691	9
292	2
183	3
355	8
704	5
529	4
544	9
523	4
237	5
609	8
140	2
609	16
460	3
751	5
429	5
475	9
695	8
639	6
709	8
381	10
376	2
586	7
568	8
655	16
499	6
225	1
485	9
254	1
356	5
590	9
336	17
687	19
398	7
512	4
488	7
569	7
694	11
396	3
598	15
599	4
687	7
646	8
446	10
636	8
670	10
678	7
447	6
658	10
301	2
396	5
321	6
579	12
651	11
472	6
535	3
560	8
609	6
476	8
629	15
605	7
621	9
563	5
292	0
408	7
557	9
646	12
383	1
654	8
598	14
647	8
621	3
360	1
610	8
594	7
336	3
622	7
400	6
623	9
626	2
608	5
647	7
398	2
598	9
553	4
416	9
623	6
283	3
601	5
565	15
555	11
377	11
731	8
593	10
653	15
568	7
697	5
664	13
721	9
440	9
244	1
477	4
727	5
357	5
624	9
252	3
560	4
581	7
522	9
370	4
317	1
289	4
479	3
560	10
566	9
246	7
650	7
746	11
614	10
645	6
665	11
506	4
584	8
614	10
677	9
608	6
163	5
592	4
650	4
493	13
579	5
690	15
606	7
294	2
719	6
598	3
596	10
482	5
474	5
552	10
464	7
186	3
579	10
507	8
632	10
602	8
644	6
438	4
650	12
169	1
556	3
359	1
647	8
567	11
443	6
148	2
563	9
524	7
231	4
541	10
223	3
205	4
407	6
510	9
582	4
366	4
211	2
212	4
750	7
448	6
324	6
541	11
298	0
663	13
349	5
497	6
649	14
389	2
184	2
585	7
454	4
263	3
712	14
606	20
659	5
579	15
717	6
336	4
687	6
547	4
750	5
313	3
180	4
627	11
635	16
471	19
551	7
449	5
126	1
695	5
325	0
690	17
333	4
274	2
319	11
655	13
298	4
302	5
158	0
641	7
255	6
649	12
652	5
642	5
689	1
605	6
658	5
520	7
505	7
430	4
577	6
485	7
468	4
505	9
629	6
340	4
567	5
603	14
383	3
431	2
609	8
498	1
360	8
612	4
629	9
396	6
390	4
487	2
658	6
159	1
595	11
665	1
375	3
604	9
591	6
645	8
670	7
688	8
530	3
582	6
606	12
402	2
102	0
342	3
527	8
510	4
333	2
411	2
690	6
156	3
615	6
391	5
608	10
656	11
629	11
201	2
556	9
329	2
669	4
654	32
670	7
531	5
281	3
472	3
557	8
627	10
637	12
573	6
417	6
658	11
223	0
190	2
655	7
654	15
643	11
140	7
536	17
177	0
664	10
655	5
598	7
490	2
459	8
553	6
394	6
583	5
177	4
482	8
638	8
314	7
607	11
602	4
604	18
669	3
404	3
367	2
588	9
600	4
657	8
627	8
624	8
639	3
421	14
533	4
623	3
520	2
464	7
701	13
619	19
591	17
193	0
702	7
633	6
630	10
264	6
383	6
520	4
555	5
222	3
142	0
297	4
520	4
567	3
600	20
657	14
660	13
412	5
625	6
653	16
236	2
570	9
350	6
567	4
601	7
387	5
660	23
562	10
771	3
542	3
116	2
652	6
598	7
523	8
669	5
192	2
698	14
649	11
584	9
242	0
586	10
573	14
633	11
662	9
223	3
749	11
611	10
342	4
276	1
627	5
332	6
267	6
548	6
682	10
511	10
599	6
322	3
294	4
481	3
582	7
428	6
169	8
419	4
519	10
416	10
650	8
610	4
411	6
610	9
610	6
445	7
689	2
249	3
646	12
609	10
631	6
545	18
355	2
651	7
607	7
391	1
626	6
367	4
640	18
597	4
494	3
533	3
551	5
520	8
406	12
608	10
526	3
540	2
507	5
555	4
655	6
580	3
280	0
640	4
448	2
635	3
605	6
559	14
255	5
373	6
635	11
526	3
594	9
491	3
271	2
575	4
635	1
419	4
217	3
610	10
643	9
615	9
305	4
276	1
603	6
687	10
487	4
235	5
483	4
679	5
237	3
632	6
655	8
304	1
621	7
609	5
540	8
657	8
536	3
708	7
545	4
613	6
273	7
609	6
607	13
331	2
571	10
588	6
605	5
637	7
246	0
460	4
417	1
574	6
576	4
600	5
180	3
502	8
375	2
335	1
555	7
594	2
474	2
186	2
618	4
421	9
303	5
541	5
251	2
666	8
213	3
425	1
445	2
263	4
508	10
749	6
160	1
245	2
378	8
304	5
637	3
456	6
542	3
361	5
645	5
318	2
648	5
626	2
602	10
526	3
384	1
321	1
451	6
489	3
424	8
448	2
532	4
625	6
611	6
613	8
688	10
575	9
560	10
300	5
564	9
581	8
659	9
526	7
506	4
115	1
552	11
604	4
534	8
665	10
552	9
172	0
161	0
265	8
536	7
748	11
585	15
646	8
591	9
717	7
609	8
632	7
634	11
649	6
336	7
239	5
691	13
583	4
642	12
754	7
631	10
100	1
636	6
198	2
550	4
595	7
246	3
496	5
401	7
575	7
750	9
627	9
282	4
605	10
338	7
282	2
493	7
529	2
262	2
613	11
564	6
609	4
649	4
668	6
590	3
345	1
666	6
325	2
561	3
252	2
683	3
659	6
416	5
581	8
557	7
381	7
231	3
572	7
340	0
646	8
173	4
424	4
516	8
536	8
553	0
246	1
230	3
583	18
584	1
586	5
593	6
645	5
646	9
171	1
683	7
661	8
607	8
388	8
600	6
273	4
616	5
493	8
504	12
472	9
564	12
484	8
283	6
511	5
459	7
215	3
600	12
531	4
362	4
496	8
285	4
177	1
196	5
278	1
623	5
543	6
656	5
512	5
241	3
674	7
655	11
354	5
398	3
310	4
635	4
606	8
437	3
511	4
629	14
379	12
485	9
406	9
479	6
153	2
274	4
577	3
616	8
102	2
310	3
194	0
299	2
664	8
653	7
628	12
596	1
668	5
645	9
657	10
708	8
604	11
646	2
571	6
501	5
276	2
617	5
161	4
335	8
315	0
514	7
445	8
608	9
633	17
167	2
616	14
480	2
589	5
479	4
599	1
547	9
740	1
232	5
590	5
272	4
293	10
585	7
376	5
392	4
201	1
574	15
615	5
642	4
582	6
632	9
320	5
314	4
564	6
294	4
630	7
525	16
656	7
240	2
620	4
610	10
525	6
647	9
273	6
645	7
588	1
602	12
383	12
572	13
650	10
548	9
553	5
690	7
658	4
700	5
616	3
527	5
696	5
343	3
546	8
579	8
191	0
366	4
281	3
307	7
654	9
687	5
746	4
533	4
654	11
344	3
440	5
679	12
664	2
566	9
703	11
534	5
591	4
624	6
288	3
371	5
428	3
238	5
639	10
260	4
421	4
652	10
680	3
421	2
640	9
625	4
549	4
501	8
712	6
137	2
454	3
638	8
618	11
584	0
464	7
673	9
346	5
295	0
566	6
294	2
466	11
624	11
520	8
514	9
349	10
547	9
471	6
701	7
748	10
546	9
619	15
523	13
630	5
534	5
484	7
138	2
621	13
304	2
359	3
510	3
349	4
325	2
329	3
657	19
542	4
614	4
323	2
204	3
230	2
526	4
467	6
446	6
350	2
258	6
222	2
513	12
438	12
696	10
475	9
384	2
589	8
619	6
597	9
481	1
645	9
303	3
636	7
402	3
656	9
228	10
119	1
490	6
527	9
654	7
106	0
651	11
630	6
140	2
619	6
608	5
257	5
573	11
448	4
640	5
599	8
541	5
638	8
340	3
562	5
169	1
685	9
641	10
550	8
247	4
669	13
692	8
452	9
583	10
598	6
556	8
615	6
588	6
528	8
578	10
636	5
599	8
583	6
538	7
615	6
604	6
539	3
254	3
640	21
605	5
748	4
506	1
112	0
461	5
372	5
587	9
403	4
420	4
634	12
112	1
520	4
517	3
381	2
650	4
379	2
208	2
512	4
597	9
593	10
135	1
615	10
489	5
607	11
622	3
348	3
626	12
306	7
225	5
669	7
646	13
510	4
383	4
691	8
221	4
434	4
564	4
327	9
660	15
127	2
625	14
504	6
543	7
677	8
516	7
358	1
618	7
556	5
703	9
640	8
473	3
519	8
587	4
588	6
608	8
585	8
563	12
643	7
750	5
659	14
393	3
587	5
656	6
599	0
673	8
653	7
617	10
374	0
669	10
304	2
336	8
765	10
640	14
530	7
531	7
573	8
646	10
657	8
211	3
575	4
326	10
418	9
197	5
350	5
567	5
614	11
657	6
617	7
196	3
475	8
655	7
634	11
607	5
748	5
171	0
573	6
199	2
580	4
622	4
483	7
346	5
234	5
637	8
118	2
667	5
710	6
446	6
472	2
438	6
307	2
223	2
384	5
217	3
683	7
115	1
631	9
491	4
120	1
162	4
596	11
172	4
356	9
281	1
608	16
672	9
345	4
662	10
134	2
481	2
141	0
201	6
588	12
568	6
263	9
391	8
607	9
357	6
626	8
596	4
690	5
204	0
604	5
409	2
330	3
412	7
588	8
622	10
622	9
628	7
405	5
484	5
520	7
614	19
143	2
664	5
751	6
447	7
203	1
654	9
383	0
231	1
543	4
550	13
411	6
437	1
222	2
576	7
541	7
572	7
609	8
349	5
648	10
497	2
437	4
639	6
608	3
279	4
532	9
648	6
188	0
594	5
634	7
122	1
646	6
648	13
657	4
595	5
697	3
622	4
624	8
613	4
646	11
606	4
577	9
586	9
453	9
469	2
543	14
480	5
525	7
653	13
589	15
666	11
564	9
616	8
570	16
574	7
602	12
471	5
360	5
311	6
475	4
624	11
297	3
608	12
590	9
592	8
123	1
518	6
623	9
250	5
320	4
561	7
621	14
542	7
552	9
502	7
156	7
662	15
360	7
311	8
604	10
601	10
586	11
611	7
610	9
318	8
657	9
626	11
631	13
437	6
701	17
520	9
527	9
540	9
608	8
516	10
638	10
647	11
556	8
620	16
747	15
590	8
234	2
477	4
544	10
509	12
610	7
372	3
376	3
579	7
500	20
446	5
621	9
648	17
452	6
581	11
506	4
697	16
304	2
421	5
253	4
571	7
590	10
164	3
548	5
417	4
364	4
575	2
712	13
513	8
492	7
579	7
325	6
306	6
559	11
688	5
494	4
380	3
604	17
522	12
616	3
675	14
584	14
158	2
491	12
415	5
585	9
380	3
406	6
650	6
525	15
566	9
612	12
590	12
685	6
226	3
625	21
378	6
221	4
638	16
391	8
540	8
385	5
573	12
586	11
269	3
497	6
629	7
161	4
661	13
331	2
414	6
602	7
631	2
218	2
280	2
593	11
382	4
641	17
417	4
657	9
650	9
183	4
565	7
755	22
283	4
331	5
308	5
426	10
470	6
677	10
657	18
588	11
323	4
663	9
422	8
405	4
662	9
658	12
747	14
651	7
483	5
308	7
508	2
252	3
548	14
376	7
480	5
637	9
472	6
522	8
497	9
643	14
593	6
108	1
617	9
296	3
752	15
578	5
262	2
327	8
622	6
271	5
641	12
576	4
645	10
292	3
462	7
101	0
542	10
513	10
144	2
584	10
453	2
590	14
629	0
557	4
697	6
619	5
625	8
411	5
632	7
587	6
351	2
290	7
617	9
624	8
620	6
439	6
297	1
499	11
646	4
571	6
589	10
635	8
630	9
618	8
205	5
461	9
580	7
627	8
413	16
615	14
541	3
678	10
431	6
259	3
619	8
661	5
566	9
581	12
669	16
206	4
597	4
396	6
427	5
629	6
398	11
695	9
623	7
634	6
625	3
615	6
658	10
602	3
614	8
638	8
482	4
513	5
591	3
325	7
605	9
628	9
621	12
661	6
511	9
322	4
537	7
544	4
490	4
460	10
472	6
585	7
640	10
421	6
589	8
216	1
499	6
629	25
599	9
580	14
625	5
625	8
573	6
590	5
274	6
596	8
568	6
313	6
568	11
603	11
640	18
501	7
653	16
479	4
568	13
625	9
487	9
518	9
476	5
706	19
642	3
603	7
610	2
599	13
453	6
476	9
201	2
217	6
586	6
103	2
605	8
323	2
472	1
269	2
335	12
401	6
494	9
455	9
488	3
419	7
594	6
338	10
726	12
650	9
244	0
359	2
311	2
635	8
401	8
243	8
451	5
378	8
656	9
676	8
385	4
333	5
242	3
467	6
664	6
381	6
560	9
567	5
585	4
407	5
601	10
611	9
186	1
606	13
418	9
457	4
611	6
466	3
166	2
633	8
640	8
620	11
380	2
671	11
558	7
503	6
196	4
438	8
518	6
618	11
574	8
496	8
398	5
302	1
415	7
640	7
667	8
368	1
750	9
595	9
446	2
631	5
444	5
670	9
265	3
655	6
429	3
576	8
565	10
646	5
449	5
635	8
425	3
597	11
606	12
647	11
640	14
333	10
499	9
422	7
569	9
657	11
414	2
627	5
603	9
586	7
485	5
521	9
542	3
370	6
289	4
523	5
510	6
688	9
193	4
463	3
499	3
351	6
463	7
534	8
645	8
215	2
244	3
533	7
513	5
657	10
674	6
676	7
268	1
147	2
302	0
639	9
446	2
337	4
584	3
360	2
143	0
629	7
634	4
609	7
351	3
349	1
297	5
421	5
382	7
368	6
644	5
683	3
298	1
438	6
424	2
639	14
605	15
634	7
599	10
605	6
652	15
307	4
607	8
287	2
583	9
550	10
610	2
258	2
568	9
602	3
188	2
449	4
627	4
190	0
716	23
621	2
355	3
560	6
618	3
609	7
175	1
186	1
611	8
647	8
461	4
176	0
677	4
479	2
573	6
365	3
580	5
459	10
222	2
623	10
506	6
605	12
609	16
430	5
231	4
498	4
615	3
622	8
601	10
527	1
456	5
690	2
325	2
252	0
665	5
593	9
547	3
585	8
478	4
652	6
648	7
558	4
752	6
605	9
629	7
302	3
232	3
516	7
470	16
216	5
352	3
479	3
578	7
346	11
336	6
370	5
442	2
559	2
250	0
286	1
529	5
610	8
608	8
313	2
641	3
602	5
533	5
528	4
261	2
136	1
598	7
211	0
644	9
663	13
635	4
591	8
597	7
534	11
650	7
378	3
687	5
586	7
427	5
214	0
652	6
291	2
693	6
573	3
669	7
426	4
606	4
637	7
540	4
236	2
542	7
674	15
173	0
339	3
601	7
654	5
648	6
560	5
321	1
611	6
287	3
554	7
654	10
459	0
296	2
438	3
745	10
222	2
539	9
586	11
590	3
580	13
581	8
667	2
589	16
607	8
448	6
671	4
311	4
616	9
365	4
671	6
448	4
455	6
211	0
624	12
589	10
396	3
489	7
322	4
549	10
605	2
580	15
621	5
462	5
602	6
182	1
536	7
423	9
241	1
378	4
234	4
624	6
334	4
609	9
623	9
645	13
604	6
631	6
272	2
551	9
646	26
627	6
645	10
605	4
586	1
412	4
649	4
365	5
709	3
139	2
507	4
638	5
621	8
602	10
732	8
169	1
571	5
196	1
463	5
722	5
678	7
631	11
627	13
750	9
316	9
513	4
640	2
525	2
529	7
524	5
633	6
410	6
380	4
233	0
683	10
517	6
401	2
112	0
458	2
648	2
637	5
640	4
616	9
602	8
408	3
620	2
363	3
547	2
624	8
658	8
230	2
190	2
388	7
450	0
592	4
122	2
664	7
546	4
661	5
574	5
651	2
458	6
545	5
506	3
359	5
592	1
611	9
647	1
597	8
577	1
494	2
550	5
570	6
364	3
227	1
610	3
227	4
611	2
728	8
352	4
621	17
604	9
559	11
548	6
385	5
569	5
226	0
617	7
623	5
575	4
208	0
364	0
578	7
411	2
657	5
640	3
620	4
600	4
431	5
483	4
630	6
215	1
529	5
521	5
607	4
406	4
558	6
243	2
411	8
599	11
744	9
615	9
638	6
631	5
567	10
608	11
252	6
484	3
621	4
667	6
655	9
223	2
209	4
501	4
501	11
469	8
732	3
230	3
606	5
678	6
545	9
398	10
634	9
687	4
498	7
269	5
605	4
623	10
622	10
409	4
283	5
582	11
554	10
118	1
614	4
670	7
544	7
709	10
415	4
585	7
142	1
273	1
422	4
594	12
653	12
520	5
578	8
520	6
604	8
336	1
585	5
147	5
500	5
749	9
189	0
598	5
634	5
628	8
541	7
641	9
668	7
182	2
574	4
624	11
682	13
580	11
732	17
584	6
670	7
640	6
615	8
588	9
365	5
728	11
638	10
572	6
317	5
729	6
606	13
590	8
620	4
664	9
529	5
322	3
639	4
611	6
517	17
597	4
385	7
379	3
759	18
378	12
452	8
560	2
624	6
484	5
308	3
206	6
745	8
333	3
402	3
469	5
201	2
373	6
256	2
204	4
677	6
585	12
582	3
620	9
628	8
528	3
333	0
432	11
351	5
641	10
239	0
500	6
599	5
495	7
610	4
371	9
548	5
664	10
645	8
427	9
668	11
308	5
661	6
468	8
256	0
684	9
353	4
672	8
586	4
589	9
620	16
744	5
359	4
171	4
221	3
594	7
501	9
600	4
194	2
551	8
343	7
706	12
430	3
468	1
442	5
527	5
579	16
651	11
627	3
572	5
663	8
624	10
511	8
611	3
298	5
451	6
512	1
341	5
629	8
612	10
625	10
752	9
424	10
606	11
692	18
620	8
752	21
380	2
605	12
478	1
435	11
373	10
143	1
189	0
186	0
517	10
510	5
423	4
333	1
617	9
634	8
399	4
486	5
239	5
216	3
394	3
354	9
211	4
358	7
532	8
384	7
696	8
297	2
598	5
706	5
597	2
400	2
223	0
583	7
435	1
644	10
720	9
627	2
549	10
554	2
577	8
637	4
573	7
534	6
170	3
663	10
546	4
598	14
383	4
715	3
119	1
556	7
278	9
441	5
633	9
535	9
585	8
538	8
501	7
642	8
621	3
667	10
401	10
606	15
560	4
596	6
334	4
634	9
517	0
556	5
579	7
581	6
752	3
516	4
677	7
482	2
414	8
492	5
677	6
418	3
592	9
559	6
226	4
350	4
676	12
603	2
179	2
583	4
657	11
311	1
326	2
466	3
513	15
457	4
148	2
552	3
482	4
576	11
615	20
577	5
571	3
660	8
622	5
662	4
672	5
751	12
564	6
199	2
717	6
336	2
680	1
600	6
601	6
611	11
628	7
234	3
616	6
551	5
350	6
261	2
394	5
589	4
550	2
627	7
453	2
618	6
532	7
463	4
170	3
586	6
671	4
335	3
422	11
339	3
268	5
468	2
414	6
701	7
713	8
272	1
232	2
657	7
617	8
493	8
510	3
293	1
299	6
583	5
378	5
339	3
322	3
469	4
283	2
600	6
436	3
624	8
532	12
659	11
407	6
482	4
664	11
592	7
464	3
644	17
376	9
679	10
263	3
534	6
594	8
614	3
705	8
548	4
631	6
389	2
220	5
637	5
589	4
571	5
330	5
140	3
258	3
607	7
664	6
745	6
577	11
381	6
639	7
470	2
545	5
601	4
492	3
311	4
572	5
567	6
543	6
688	3
625	5
431	4
569	3
731	3
652	7
214	0
507	7
381	9
576	10
411	4
558	8
212	1
323	6
506	4
338	1
607	6
562	4
613	5
635	3
682	7
542	3
297	1
671	6
428	4
598	10
316	1
674	12
664	8
597	7
281	0
363	0
588	11
575	10
590	10
510	4
347	5
623	13
480	5
299	9
609	4
618	7
646	9
613	5
459	11
635	10
193	2
378	13
350	10
552	4
407	5
677	6
628	8
540	12
596	12
446	6
480	6
341	11
644	6
466	11
368	1
416	2
485	6
184	5
360	2
559	8
319	5
474	8
335	2
751	7
615	3
566	8
427	5
484	7
631	6
629	10
402	8
694	4
466	14
364	3
324	1
256	3
506	4
655	10
657	6
441	4
588	7
432	7
423	5
678	12
500	8
396	5
543	3
586	15
426	4
314	9
605	7
408	3
604	5
662	8
592	5
382	5
502	8
668	7
628	7
606	11
639	8
645	8
580	6
378	4
398	2
648	6
208	3
592	16
620	5
748	6
474	8
374	3
181	1
397	3
675	7
635	8
280	6
549	3
638	4
132	1
578	4
240	3
590	6
612	2
586	3
174	3
618	9
539	9
525	7
567	9
227	0
580	5
579	12
485	8
671	6
368	4
665	10
633	7
604	8
634	12
412	10
348	7
669	9
136	0
277	2
193	2
683	6
306	6
483	3
664	20
403	4
545	14
203	3
174	6
536	13
314	6
696	12
370	0
198	2
505	8
633	7
297	7
286	2
505	7
197	2
130	2
598	11
209	2
314	3
369	4
674	10
609	10
383	5
607	6
141	2
592	10
565	3
220	1
557	7
616	9
573	6
440	7
515	4
528	10
514	9
611	6
312	2
201	2
590	4
737	21
639	15
612	10
584	6
626	8
606	8
111	2
645	4
574	7
576	4
510	12
692	7
470	8
528	7
378	9
338	4
703	7
582	8
662	7
641	10
691	3
658	4
603	7
645	8
342	7
646	3
574	7
258	1
288	5
202	0
105	0
544	1
354	6
538	5
591	8
615	5
579	8
236	2
283	2
659	9
751	10
670	9
620	1
620	6
390	6
268	1
649	6
178	4
629	6
626	6
571	5
604	4
615	3
596	4
620	2
123	0
296	1
235	1
555	10
610	15
685	6
598	11
401	2
435	10
530	8
504	5
397	1
486	3
649	5
261	3
518	2
549	8
351	6
516	3
605	9
507	9
568	5
556	2
595	12
444	1
587	5
559	9
222	3
667	11
591	8
349	4
654	5
555	7
473	6
562	8
577	8
643	11
629	4
556	3
660	11
541	9
598	9
508	4
140	4
639	10
689	10
517	3
627	3
750	6
452	3
640	13
283	5
571	5
581	8
394	1
322	3
219	2
361	6
603	8
578	6
632	11
575	18
533	13
590	5
552	10
522	11
668	10
618	5
164	2
344	1
176	7
536	7
134	3
426	5
190	2
273	4
356	7
629	2
484	5
130	0
191	1
556	7
190	2
539	6
450	12
634	8
398	7
455	5
245	3
293	4
266	3
310	1
398	2
179	4
514	3
296	2
757	4
187	1
506	4
204	1
302	4
306	2
167	1
521	15
248	2
538	5
118	1
401	6
390	7
542	7
616	7
293	3
603	6
196	1
183	2
574	5
612	4
579	10
320	3
475	2
543	6
354	7
636	8
550	9
558	10
608	7
597	12
610	11
408	5
184	2
660	7
594	8
642	9
591	7
696	7
104	0
432	6
300	7
631	9
736	5
317	7
157	0
628	20
305	8
112	2
404	4
550	2
178	1
556	3
462	4
214	0
543	4
622	6
480	4
425	5
388	5
240	2
562	4
147	1
607	7
726	14
141	1
693	9
657	12
277	2
539	4
400	0
301	6
124	1
578	8
579	4
551	3
645	6
216	3
266	1
626	4
560	5
187	2
582	6
580	5
632	11
667	9
288	6
556	10
642	7
618	5
367	6
439	5
232	3
621	12
263	0
486	5
221	5
504	7
373	7
415	5
584	5
693	16
606	8
562	8
447	5
524	6
490	5
113	1
582	7
626	4
623	5
333	1
505	2
615	12
659	3
615	4
573	10
208	0
597	7
641	19
527	10
467	3
608	6
632	9
525	4
307	5
651	14
277	1
405	3
748	7
313	2
336	5
161	1
566	13
601	19
127	3
477	6
286	0
420	3
227	3
317	6
643	13
488	10
618	14
570	12
487	6
601	13
652	4
682	13
351	2
586	12
636	12
534	5
625	4
672	8
177	6
538	4
527	3
570	5
548	6
560	11
525	14
446	3
651	4
536	7
642	11
344	3
748	5
321	4
267	3
481	9
527	0
637	10
661	9
640	10
450	8
136	3
358	7
541	8
272	4
396	6
413	8
708	10
486	5
395	4
427	5
550	11
174	0
585	8
487	3
546	9
223	8
389	6
308	2
386	9
577	6
218	3
611	3
649	8
635	9
180	3
271	8
201	7
225	2
620	9
565	22
632	6
177	1
452	10
431	2
368	5
436	1
404	10
533	4
460	6
295	5
643	8
440	5
376	2
649	10
580	6
668	4
643	6
245	6
522	11
597	10
696	6
576	15
227	2
406	9
451	5
752	17
349	7
627	9
560	4
301	4
575	7
570	4
315	5
597	6
408	2
494	4
420	10
424	5
596	4
319	7
397	5
204	2
236	0
451	9
635	2
654	3
240	3
641	9
440	4
584	2
620	11
638	12
397	3
619	15
626	13
267	4
134	5
579	8
531	7
748	7
310	3
602	5
655	7
473	6
664	7
498	10
676	12
632	3
561	6
644	4
405	5
402	9
456	14
652	12
128	1
249	1
665	6
483	6
419	4
572	5
608	7
634	4
357	4
644	8
657	4
611	6
656	3
658	6
420	5
619	14
430	4
568	5
520	7
134	1
426	2
531	4
639	4
657	8
563	1
376	2
544	0
607	5
669	7
575	8
310	7
547	3
232	0
296	3
325	6
339	8
645	23
345	1
611	4
282	2
641	5
620	5
245	2
567	3
299	5
654	8
616	8
606	4
567	5
627	4
266	2
258	5
648	8
612	7
605	10
662	10
644	4
671	6
539	4
360	6
532	7
537	9
646	8
524	12
492	11
270	3
158	3
443	6
592	5
657	11
549	9
600	10
546	6
651	10
361	6
597	9
565	7
593	5
641	9
493	11
628	6
707	10
599	6
612	6
453	4
444	6
498	7
363	4
628	12
521	9
626	10
331	5
659	2
562	13
356	7
605	5
642	1
508	1
511	7
159	3
536	6
419	4
525	2
338	2
643	3
653	7
667	4
559	4
577	0
353	10
537	8
217	4
644	8
579	7
502	7
608	7
241	3
269	2
755	3
197	5
301	1
608	8
469	9
557	6
633	12
599	5
462	3
145	3
620	12
390	6
652	12
626	9
668	4
581	6
607	8
267	3
678	11
205	1
209	4
582	5
365	3
611	11
232	3
358	4
542	6
234	2
529	3
618	12
584	1
456	6
163	0
643	12
648	13
432	6
627	6
460	5
567	10
102	2
506	3
661	5
557	6
638	5
411	1
512	7
333	1
350	4
620	8
576	8
632	11
635	7
251	4
615	12
488	10
602	1
540	9
174	5
349	6
645	5
640	5
544	10
156	0
281	4
592	4
130	2
266	1
593	6
616	9
243	3
606	9
558	3
132	3
629	3
693	6
749	6
404	5
563	8
528	6
643	3
624	9
225	2
483	5
599	3
618	3
624	9
593	8
630	8
431	5
639	9
529	6
471	4
510	9
566	5
409	5
608	12
575	7
317	0
508	4
626	14
590	7
751	11
682	11
624	14
630	10
585	7
121	1
396	1
406	1
128	0
644	11
749	7
661	3
564	2
238	3
630	6
542	9
597	9
634	5
496	6
298	2
663	4
405	5
600	4
573	2
687	11
640	5
240	1
619	9
577	3
267	1
523	2
633	13
663	2
669	8
488	8
383	7
546	6
129	1
605	14
577	2
488	7
278	4
242	2
404	5
484	1
130	0
656	6
458	5
357	6
748	4
634	6
444	7
485	6
387	3
579	10
535	14
735	6
324	6
622	8
540	6
762	7
534	4
496	5
433	3
462	4
591	7
749	9
584	8
254	2
635	5
597	6
718	8
653	15
639	5
552	5
620	4
551	2
534	2
524	4
348	6
501	5
587	6
263	3
302	4
654	6
380	5
269	3
604	5
454	0
523	7
663	3
642	15
659	17
660	7
477	2
501	4
658	10
539	4
175	2
413	2
269	2
542	2
384	1
449	5
629	13
456	6
189	1
617	5
613	7
654	5
508	5
605	4
753	7
389	5
616	10
634	5
275	1
483	10
603	6
471	6
653	14
609	3
107	0
547	9
344	5
637	4
488	3
635	10
393	5
270	3
602	3
636	5
575	9
615	10
618	15
214	1
523	4
571	14
494	10
659	4
487	4
234	1
468	4
573	4
666	7
631	7
223	0
659	7
667	5
535	5
120	2
516	2
490	3
219	2
437	9
571	15
618	8
248	3
496	8
322	4
305	2
566	7
454	7
650	13
588	8
510	1
487	6
484	3
753	8
582	1
686	3
493	5
687	1
576	8
378	3
647	5
319	0
183	4
511	6
505	5
589	4
622	5
550	5
662	9
621	7
564	7
636	8
547	10
335	1
589	2
512	5
366	4
358	5
419	4
388	7
354	3
518	4
559	1
595	10
659	14
290	8
658	7
286	4
593	4
662	15
243	5
579	6
567	8
698	14
590	5
507	6
331	6
594	8
609	12
402	3
285	1
666	3
631	7
616	13
637	15
465	7
556	15
642	2
661	13
682	12
753	12
256	3
623	5
395	5
569	6
251	1
350	1
614	10
152	4
697	9
482	8
640	4
616	4
599	9
282	5
565	8
630	8
605	9
268	0
616	8
642	4
642	6
645	4
539	4
733	10
403	3
698	12
446	5
626	6
564	8
294	6
543	4
595	11
554	6
244	3
662	9
731	4
541	8
656	9
482	5
529	4
428	8
326	7
267	8
641	11
558	8
396	3
646	15
328	2
756	16
290	3
477	4
753	15
619	5
511	9
569	11
619	10
377	4
333	7
606	11
608	10
347	9
550	8
211	0
750	9
594	7
633	9
676	12
487	4
181	2
652	10
506	6
610	7
581	11
660	5
429	6
413	8
526	9
284	6
124	1
586	9
618	12
635	6
530	5
584	6
630	14
634	10
639	10
277	3
622	6
699	8
487	10
402	14
363	10
242	4
582	3
352	6
259	5
220	1
610	14
409	7
622	13
645	8
115	4
547	9
599	7
582	5
604	7
575	5
584	17
637	9
649	12
536	8
618	4
430	4
657	8
448	7
745	11
619	13
638	9
632	7
524	3
633	8
643	9
477	7
315	1
531	8
430	6
654	9
161	1
224	2
332	3
421	9
440	8
608	10
424	2
305	5
416	7
562	12
634	14
282	4
552	6
212	3
640	15
645	5
661	12
505	11
628	19
585	6
510	7
621	7
606	11
494	4
657	14
262	2
183	2
467	11
661	5
589	5
309	9
750	20
350	9
625	9
303	5
327	9
562	5
461	5
644	4
592	6
601	7
249	2
300	2
527	2
687	8
407	3
449	2
140	0
634	7
403	2
557	2
258	2
443	3
460	8
639	8
349	7
213	1
497	7
635	8
640	5
617	7
652	14
576	12
613	6
688	12
453	4
600	10
610	8
600	3
161	0
616	13
370	3
571	2
628	2
448	3
652	14
481	7
577	3
494	5
643	3
436	5
578	6
389	5
615	3
538	8
600	7
101	0
118	0
344	2
633	8
192	2
466	1
573	3
514	2
526	6
613	4
641	4
621	7
576	2
696	11
531	10
623	9
540	2
567	3
598	8
609	7
228	5
259	1
662	15
168	3
619	7
630	2
599	7
261	3
384	6
664	8
634	10
558	3
736	11
320	6
230	7
613	13
548	5
593	12
572	5
161	0
578	4
619	13
745	8
647	6
409	6
484	4
571	7
174	1
271	4
223	0
616	8
657	10
136	2
504	6
351	4
594	9
521	5
659	13
670	1
523	5
280	5
662	10
583	9
586	10
652	12
236	4
678	7
553	5
555	5
485	3
590	6
598	3
637	7
599	13
328	6
595	2
326	5
624	4
588	10
541	4
617	10
423	5
667	6
263	2
164	0
588	8
599	4
620	10
390	9
576	4
751	4
246	2
626	11
663	5
639	9
372	5
150	3
752	16
283	5
577	8
686	4
396	16
709	6
229	4
272	6
413	8
206	2
580	2
433	6
648	11
618	14
244	1
629	4
642	9
300	7
696	15
429	6
421	3
703	9
491	6
332	3
601	5
278	5
593	4
620	4
544	6
627	11
646	9
475	20
259	4
157	2
164	3
245	1
319	11
671	6
715	5
335	3
295	5
257	2
561	7
655	15
747	7
426	7
591	11
574	20
183	2
256	1
481	11
295	3
656	9
747	10
645	7
577	4
752	13
725	7
425	14
382	3
420	2
335	3
279	0
567	10
691	8
560	6
295	1
628	4
653	1
241	7
246	2
610	4
618	3
614	10
322	5
657	9
671	10
574	14
253	4
593	3
512	6
232	1
661	9
342	7
622	10
647	3
450	5
605	5
583	3
633	16
608	6
245	4
191	3
468	14
570	7
173	2
533	4
467	3
639	5
582	7
457	5
577	7
590	13
589	12
373	4
605	1
397	6
559	1
412	5
606	2
666	7
482	4
101	1
636	9
617	7
601	11
288	5
260	5
465	3
576	6
623	9
627	10
574	4
620	4
617	4
310	1
563	8
585	6
624	3
560	2
580	6
214	2
577	16
628	13
475	4
427	6
602	1
582	5
164	0
587	12
612	3
600	4
742	11
610	5
185	0
326	3
606	6
656	6
487	4
489	8
652	10
579	12
626	8
572	5
662	7
203	0
649	8
669	2
360	2
554	4
530	6
661	6
407	4
670	11
582	8
295	4
621	5
378	5
704	5
343	1
262	4
498	7
130	1
533	5
603	4
514	12
433	4
749	7
568	7
517	12
554	7
570	10
437	7
642	3
517	7
419	2
614	6
445	5
555	1
603	4
634	4
647	10
355	1
596	7
602	6
295	2
639	5
561	14
671	16
600	10
510	8
343	10
719	7
616	6
148	0
327	3
383	1
233	1
609	4
418	3
514	8
480	4
216	1
677	8
158	1
658	6
705	4
262	0
457	6
612	0
657	4
364	1
609	8
220	3
644	4
747	4
538	7
600	7
532	4
612	4
514	7
484	4
540	7
604	7
295	5
581	8
252	3
626	3
249	3
630	3
569	8
393	6
420	2
402	5
503	8
671	10
467	5
429	6
547	6
537	10
649	6
631	8
699	11
605	4
737	11
684	8
288	7
634	5
120	2
318	2
121	6
200	3
606	8
648	7
290	3
678	7
750	8
337	1
190	2
600	11
619	3
629	9
164	4
468	5
583	6
248	2
609	5
615	4
392	3
600	8
617	8
442	6
651	7
639	6
495	5
431	1
578	8
107	0
653	7
754	12
610	13
581	1
318	1
606	7
447	2
601	4
563	11
561	9
558	7
494	6
676	14
169	3
577	5
622	8
348	3
507	3
595	5
657	8
160	3
229	1
655	9
608	9
348	3
654	7
588	4
650	12
458	5
599	8
595	7
678	7
376	1
421	3
651	6
584	9
622	3
281	2
538	10
554	6
435	3
242	2
586	2
278	5
313	4
494	8
213	2
614	8
300	4
243	0
349	5
466	7
605	8
571	8
575	4
752	7
615	7
639	7
688	12
652	5
551	6
618	10
459	5
183	6
437	3
564	8
574	4
567	6
647	9
626	11
661	5
454	4
618	5
299	3
386	7
645	6
697	7
528	5
590	10
325	1
631	15
241	4
374	2
644	9
535	5
587	7
693	10
671	8
390	3
385	3
604	6
684	8
619	3
238	3
638	16
625	10
601	4
497	3
238	1
533	18
600	12
419	7
564	3
284	5
617	9
310	2
641	8
237	2
723	6
660	4
636	8
302	6
660	5
603	6
443	4
627	8
120	2
613	7
615	12
626	7
455	9
598	4
563	5
619	20
526	4
597	20
683	11
600	5
561	3
219	3
612	9
547	9
653	5
169	0
249	5
393	8
581	4
111	3
155	1
639	9
509	8
391	6
339	4
489	5
564	8
209	1
246	5
552	9
714	8
496	5
625	3
592	10
426	5
472	10
195	1
631	9
579	6
587	6
224	5
693	12
456	10
563	6
450	4
625	13
645	18
653	14
224	2
481	4
506	6
304	4
573	10
636	7
506	4
638	6
603	6
363	5
521	10
611	11
644	11
139	2
545	2
541	3
599	10
439	3
240	3
331	6
632	3
588	8
227	1
221	5
450	7
396	3
303	1
181	3
505	3
512	6
609	4
595	10
717	14
328	1
590	11
532	7
537	6
695	8
479	17
687	11
393	5
613	12
640	19
540	6
555	10
596	19
618	9
586	12
661	16
700	8
618	3
540	6
717	2
623	10
561	6
527	7
601	16
134	2
615	2
612	10
602	10
198	2
486	13
296	13
708	24
349	6
243	4
384	12
323	5
600	9
456	6
511	8
573	23
483	10
549	12
243	4
603	24
471	13
430	10
752	20
529	7
504	8
563	10
445	7
609	31
404	10
115	4
663	19
493	5
602	11
584	14
442	9
652	18
740	13
533	9
599	6
298	14
604	4
555	8
679	9
475	17
193	8
590	6
623	16
324	7
474	6
541	7
616	11
640	21
612	14
289	8
276	4
347	12
227	5
260	4
504	16
528	6
655	13
555	18
209	1
613	11
628	5
475	2
507	7
218	3
579	9
314	8
618	13
612	10
623	18
332	9
649	8
643	6
634	13
437	6
651	5
570	11
713	11
688	16
241	4
601	6
587	6
549	8
294	4
543	6
658	17
494	8
513	12
664	10
602	10
540	19
522	0
628	7
659	15
662	15
684	10
571	5
610	15
596	5
651	7
550	9
646	15
459	10
690	5
607	3
404	5
463	5
624	0
607	4
626	6
743	15
593	2
678	6
420	4
638	2
579	5
329	3
250	3
534	8
615	7
640	18
308	6
340	4
299	3
686	14
632	10
628	10
120	1
605	5
624	3
448	4
368	2
562	7
562	7
584	7
592	5
567	8
325	1
592	8
661	11
562	5
348	3
577	7
383	10
573	5
618	9
661	9
182	4
628	15
282	4
594	5
388	3
483	3
669	8
493	8
240	5
133	1
575	7
553	2
695	3
252	1
566	13
134	1
637	6
569	7
486	6
647	5
552	2
590	8
365	3
602	14
518	5
583	5
315	3
127	1
412	2
688	8
525	0
279	6
299	1
257	1
609	7
621	12
535	4
178	4
714	6
601	8
610	12
649	9
695	10
610	7
635	4
500	11
336	1
559	5
470	11
542	10
510	7
377	4
631	13
661	12
593	3
167	0
495	13
545	4
607	12
345	3
608	13
469	7
557	8
599	6
582	8
377	4
629	1
611	4
232	0
590	8
577	4
510	3
588	6
461	5
614	3
665	9
288	0
429	1
655	9
100	1
572	16
589	15
667	14
408	7
664	9
289	1
257	1
644	5
152	1
588	6
623	5
561	5
410	3
606	6
394	5
298	5
607	5
553	6
399	9
594	4
631	9
526	4
516	7
631	7
669	9
627	6
667	3
478	3
444	2
605	10
634	10
535	8
582	7
377	2
681	4
441	4
334	1
202	5
506	5
748	5
696	17
589	5
593	7
641	10
435	7
629	6
246	5
479	6
750	9
619	14
206	3
744	11
530	4
376	5
547	9
168	0
599	4
630	11
660	3
575	5
680	19
601	5
675	5
620	4
549	2
541	4
614	16
162	2
216	1
175	3
425	9
543	1
605	8
363	1
150	0
151	3
620	9
390	4
321	5
749	19
553	10
574	6
589	9
750	5
406	5
620	9
678	7
287	6
599	10
417	3
250	4
365	9
166	0
638	6
481	3
607	10
625	5
581	6
624	14
595	7
403	7
715	6
159	2
565	4
569	2
637	10
340	3
633	15
408	0
641	10
586	13
594	6
666	10
644	13
470	7
614	8
379	6
387	4
558	19
571	6
457	11
634	10
644	7
234	2
749	6
440	9
312	7
150	0
483	6
647	7
194	0
371	4
606	5
293	5
597	11
608	4
292	1
546	4
583	10
433	3
534	10
238	6
401	9
494	6
673	3
637	3
310	4
343	4
641	13
751	7
627	9
514	10
581	9
558	8
686	9
555	7
632	9
634	18
518	6
216	0
524	3
360	10
667	7
326	3
640	10
550	12
595	10
213	1
641	7
661	10
653	15
213	3
649	9
588	11
578	7
555	6
678	8
250	4
670	10
570	4
583	2
332	5
686	3
537	9
238	3
442	6
373	8
619	6
567	4
411	4
687	7
494	3
345	3
285	7
143	0
452	8
588	6
150	2
603	3
633	4
580	4
607	8
117	1
607	15
622	4
597	10
718	12
302	2
291	3
687	9
467	6
387	2
603	8
409	5
458	4
643	13
307	6
646	5
515	11
224	3
623	6
705	5
599	8
486	4
626	10
620	15
247	1
596	3
729	3
300	4
560	8
308	1
451	5
500	6
365	2
404	2
591	6
496	6
630	2
632	4
423	1
279	0
540	7
423	1
202	1
421	11
359	4
622	10
340	6
326	5
689	10
144	2
666	5
395	2
584	1
614	4
607	14
604	8
672	12
549	16
686	10
438	5
661	3
400	3
656	5
639	10
636	15
412	6
644	18
677	14
365	2
436	8
574	5
296	6
623	6
544	6
593	9
668	9
463	5
564	6
524	2
571	5
609	12
408	1
707	9
533	4
643	1
656	7
630	6
500	6
410	6
585	7
622	1
582	6
700	9
146	3
314	2
635	10
379	3
669	11
618	9
587	3
624	11
751	7
355	2
424	9
486	1
477	3
608	2
599	11
647	4
617	15
482	4
195	1
606	7
602	7
571	7
576	2
377	4
590	4
591	8
617	7
568	6
403	1
472	1
371	7
676	5
670	3
676	13
657	3
493	3
689	4
608	5
333	3
286	3
752	14
301	1
362	8
605	9
610	5
503	11
466	2
176	3
167	1
492	5
590	4
658	4
452	5
550	4
412	6
328	1
647	9
518	4
359	8
483	5
531	9
596	7
452	1
667	5
289	1
613	8
661	13
239	1
310	2
413	6
592	7
635	5
620	4
535	1
321	1
361	3
375	4
579	10
498	2
494	7
481	3
599	5
602	12
405	6
431	3
559	1
515	5
632	3
604	4
547	3
448	6
569	5
297	1
555	8
615	6
558	9
616	7
620	13
410	7
355	8
396	3
605	9
635	8
477	6
362	6
679	4
590	16
568	6
617	6
593	7
637	12
545	8
587	5
636	11
133	2
749	5
375	2
655	7
606	4
523	7
592	3
120	1
681	11
460	4
131	1
630	14
607	8
625	6
447	2
625	7
460	2
591	6
665	2
615	12
613	9
603	6
275	4
216	4
595	12
568	10
724	8
531	15
263	1
638	8
361	8
593	8
625	2
117	1
639	4
338	3
602	8
223	4
606	9
590	8
347	8
582	11
609	6
660	11
624	9
509	7
681	8
528	3
347	2
228	2
224	2
634	10
606	12
607	5
578	1
618	6
640	8
444	1
296	6
490	4
258	1
578	6
175	0
500	3
645	9
176	2
130	1
655	14
577	10
629	10
653	9
606	6
650	10
616	5
509	10
243	5
656	11
624	4
601	2
630	8
284	4
600	5
414	13
231	6
607	5
184	2
475	4
435	5
579	4
594	10
514	3
662	5
661	9
472	5
262	3
592	4
587	6
136	2
375	4
650	8
615	10
118	0
559	8
180	5
633	7
536	8
494	9
555	6
267	4
614	10
431	2
566	4
754	10
415	4
207	0
465	6
588	5
645	5
626	6
351	2
598	2
614	8
614	6
686	11
220	2
344	2
518	10
624	6
676	11
550	7
306	5
724	9
631	5
533	4
667	13
606	8
573	9
682	13
623	4
667	11
546	3
564	12
485	9
647	4
641	2
580	8
443	4
667	5
692	12
669	7
522	6
540	5
644	7
575	9
659	14
420	5
500	4
309	1
520	6
754	10
304	4
636	13
175	2
265	5
494	7
463	4
573	9
713	3
589	11
300	5
631	5
631	7
608	8
321	5
323	3
418	3
666	8
225	0
603	10
619	5
658	7
630	7
402	6
469	9
305	4
636	5
220	4
647	14
518	9
567	8
124	4
531	4
432	4
471	11
570	9
216	3
537	8
599	7
712	12
447	5
648	9
599	6
623	12
574	2
611	15
492	6
614	7
544	8
454	8
501	5
426	2
598	17
641	3
604	8
596	8
621	13
625	2
468	12
310	2
631	14
434	5
621	8
289	1
375	6
612	10
551	2
569	5
547	1
536	9
388	4
510	12
673	10
473	5
507	7
433	3
558	14
598	8
416	3
602	11
289	4
521	14
269	0
503	13
561	8
229	1
245	4
525	10
133	0
362	1
681	3
633	7
235	4
530	10
642	9
639	8
640	9
233	1
514	7
595	6
544	1
215	2
704	12
428	5
344	10
501	8
386	10
499	13
609	10
554	2
738	21
668	11
531	7
197	9
560	4
625	6
661	7
148	3
315	6
388	7
195	2
476	6
665	10
571	8
494	6
625	9
754	6
706	10
632	9
580	6
585	11
647	7
452	8
693	14
133	0
572	10
595	4
319	9
568	8
593	10
643	8
676	20
681	8
235	5
203	0
684	9
575	6
240	2
617	12
312	3
250	3
505	6
323	2
432	5
335	9
673	9
201	2
701	9
454	8
397	6
636	5
675	8
442	6
386	5
149	3
525	5
632	7
484	6
178	0
726	7
661	17
581	9
132	3
345	3
639	10
448	9
156	2
542	10
605	2
666	13
661	11
748	7
612	14
604	5
533	30
429	8
557	9
404	6
460	9
461	8
645	5
603	12
348	6
583	1
437	3
574	7
595	6
739	4
135	0
603	8
348	6
418	3
579	9
623	8
683	7
197	3
656	8
657	12
346	8
517	5
265	8
260	2
559	10
559	3
452	7
546	11
636	6
551	1
586	11
498	5
458	9
239	2
486	9
171	0
589	6
596	4
431	7
635	7
294	2
561	10
600	8
655	6
434	2
397	2
386	5
651	9
536	8
638	4
560	10
661	6
576	10
573	11
540	13
528	11
403	6
429	4
618	12
623	6
221	5
276	4
602	5
567	5
310	2
560	6
746	8
196	0
481	5
730	13
704	17
473	8
626	4
378	4
751	3
443	4
586	6
429	7
365	6
541	5
119	1
582	2
630	3
520	3
602	14
537	5
548	8
613	8
196	3
613	15
334	4
388	7
588	10
629	9
673	11
283	5
588	9
573	1
637	10
628	4
676	3
513	5
534	7
337	2
626	9
643	5
624	5
135	0
338	7
635	3
407	5
646	14
236	2
651	13
352	9
474	10
246	5
237	5
317	8
454	5
520	8
524	4
585	11
515	5
611	7
226	3
306	1
622	9
508	13
682	4
301	4
748	12
571	5
564	9
401	6
620	6
185	2
106	1
338	0
651	12
584	1
468	8
513	2
234	2
400	5
485	5
384	1
595	9
480	10
601	1
525	2
165	2
645	5
196	2
642	6
310	6
603	1
301	4
575	8
412	5
614	10
492	6
589	5
667	7
255	6
640	7
457	9
157	3
255	6
579	4
631	2
524	10
159	2
750	5
604	8
309	5
464	2
508	3
432	3
167	0
183	3
360	8
604	7
452	4
443	5
608	3
586	3
649	12
609	5
171	1
622	5
565	7
536	11
629	11
402	4
538	4
557	6
750	5
611	4
524	5
437	4
630	11
674	2
284	2
426	1
664	4
360	3
504	6
633	9
343	3
723	11
178	2
599	6
415	4
616	13
635	4
615	5
321	6
639	8
551	1
449	6
663	7
586	5
561	5
544	4
239	6
322	2
430	2
584	6
444	7
545	4
161	0
623	5
573	15
350	4
568	11
595	12
363	4
496	14
682	11
418	6
291	3
491	9
669	5
562	5
661	8
621	6
562	5
274	3
479	3
449	8
320	1
606	6
552	5
720	8
506	6
418	8
591	4
618	7
403	4
305	7
692	10
251	6
749	7
662	10
602	7
382	4
365	4
422	4
118	1
478	6
302	4
409	5
574	5
573	5
580	7
678	10
597	6
403	4
417	5
599	14
233	5
691	5
355	4
513	4
587	3
192	8
226	4
623	5
576	4
622	3
606	7
545	8
285	1
246	13
548	6
588	11
416	9
249	2
753	15
633	11
589	5
115	4
181	3
544	6
403	8
507	6
383	3
745	9
631	9
359	4
512	5
587	5
383	6
360	4
452	5
613	4
500	9
214	1
587	2
593	16
629	19
564	3
337	2
750	4
304	3
243	0
483	1
426	4
536	4
551	3
306	1
657	14
547	6
144	1
635	7
297	8
629	10
716	13
563	8
650	10
400	4
689	13
291	2
690	8
640	3
285	8
563	12
668	8
277	2
619	15
346	21
642	10
642	14
229	0
632	9
358	5
555	8
602	9
503	6
642	3
667	8
552	8
267	2
593	7
617	5
294	4
309	3
531	4
560	13
579	15
507	8
161	3
515	4
427	6
556	5
483	9
605	9
366	2
744	4
626	4
491	6
667	6
675	11
624	9
244	3
312	5
367	8
140	0
576	6
535	10
389	9
538	16
417	7
524	13
546	7
228	4
672	5
474	4
606	2
448	5
420	6
407	5
153	3
693	14
429	5
569	12
624	11
259	1
363	2
539	4
278	3
207	1
259	2
218	2
522	9
548	4
535	2
651	10
660	10
563	3
243	3
573	12
653	17
609	6
647	9
752	15
669	8
326	3
218	4
595	18
399	6
670	3
639	6
203	3
512	7
510	2
634	5
591	10
462	5
574	10
133	3
606	14
343	4
154	0
663	9
652	14
612	10
504	11
356	5
347	3
349	2
444	10
592	3
519	3
683	11
334	0
651	12
273	2
244	0
553	7
635	17
663	10
616	15
653	13
256	2
574	8
551	5
748	10
578	6
467	6
199	1
688	10
586	3
155	0
540	7
573	3
132	0
199	3
625	10
581	6
480	5
554	7
460	3
568	12
583	10
346	7
109	2
569	12
625	8
149	2
629	12
576	6
375	10
493	6
656	11
636	12
649	11
401	10
356	3
628	7
411	3
646	14
355	7
665	11
678	16
602	15
267	6
746	18
161	4
362	13
422	7
631	23
656	19
355	6
540	11
599	7
468	9
664	7
358	2
647	7
564	13
588	16
667	13
613	6
644	8
301	3
605	7
668	12
601	16
222	5
558	8
615	4
656	10
427	5
155	2
553	12
490	5
185	4
521	4
411	7
394	4
623	14
324	1
650	3
496	7
412	3
618	13
434	5
221	3
620	7
554	9
676	9
566	6
656	5
184	0
435	5
512	5
655	9
745	9
750	11
411	7
229	3
754	9
389	5
230	0
591	12
365	7
244	0
546	4
635	5
380	7
643	7
532	6
584	5
152	1
541	2
594	12
209	3
610	12
352	6
637	10
403	8
747	2
533	5
572	5
475	7
621	10
639	5
374	7
580	5
195	4
361	11
348	3
483	10
575	9
426	3
332	6
466	4
743	8
640	8
487	8
643	12
290	1
174	3
730	15
569	9
598	7
634	12
586	13
376	5
575	3
629	5
301	1
493	6
647	8
127	1
172	2
336	9
186	1
505	5
599	6
315	6
641	8
704	12
312	1
535	4
696	11
508	9
324	6
668	8
614	8
615	7
652	12
362	4
664	1
593	7
537	11
520	3
565	9
579	1
613	8
622	10
567	5
578	4
646	2
555	5
719	4
599	4
646	5
707	2
491	4
155	0
675	4
463	7
573	8
392	7
286	0
434	3
581	10
411	6
655	2
627	8
656	5
314	4
405	1
651	8
539	5
319	3
653	3
374	8
410	6
260	1
307	8
318	7
615	3
285	6
515	4
611	13
340	9
156	0
662	10
615	8
315	9
606	7
366	5
544	3
289	3
555	7
517	2
640	10
551	8
678	4
185	4
110	1
359	5
568	7
634	5
638	12
441	5
166	4
139	2
597	6
160	3
462	3
188	3
148	2
425	5
654	4
617	5
401	3
628	6
663	13
480	11
649	7
684	17
573	13
569	4
636	11
654	7
408	12
642	5
591	2
259	3
269	3
426	2
605	0
208	1
601	8
553	9
272	1
584	2
504	9
554	5
640	12
300	4
486	11
557	7
225	2
633	9
645	5
658	13
374	3
559	7
571	13
428	14
613	7
238	3
651	5
597	9
338	3
186	1
720	8
637	5
499	1
609	10
494	5
661	12
165	1
569	9
397	8
362	1
484	6
587	8
187	1
693	14
518	13
625	9
659	10
512	4
488	4
646	6
590	5
674	2
310	3
444	6
651	5
223	2
547	10
659	7
273	0
617	16
620	5
475	4
636	2
597	4
567	3
617	7
482	11
391	7
664	11
588	4
311	4
678	3
754	12
471	1
581	5
602	9
679	3
594	3
573	3
149	2
296	1
525	3
481	1
648	5
640	4
561	7
547	4
616	5
598	11
615	7
611	4
702	5
622	6
423	2
283	3
589	7
260	3
635	4
554	3
382	2
630	3
711	7
570	8
603	3
207	3
398	8
563	13
401	4
340	7
502	3
593	4
609	5
581	7
508	4
605	5
566	3
603	3
272	0
619	10
626	8
647	13
435	6
305	0
571	2
472	7
712	13
620	4
428	2
620	7
620	5
695	8
381	5
412	3
434	2
739	4
244	4
472	5
619	5
667	9
683	8
575	6
623	12
581	5
625	4
692	6
589	11
648	11
552	1
606	3
624	5
598	6
666	4
495	8
396	3
285	2
588	8
637	6
611	2
211	6
400	8
583	11
423	9
262	3
513	8
653	8
640	4
358	4
551	7
551	7
572	10
597	7
430	5
393	4
292	3
355	6
750	7
652	22
336	8
383	8
660	14
658	8
651	9
578	5
413	12
315	9
645	7
350	4
536	5
532	8
564	6
566	4
669	8
624	10
479	10
434	3
686	2
628	12
569	6
355	6
700	6
366	5
322	2
192	1
538	3
569	2
611	11
254	3
586	6
623	5
537	7
503	8
362	6
521	8
214	0
204	0
512	4
444	5
249	3
310	1
671	2
542	8
317	5
510	13
600	5
675	7
354	2
608	6
569	5
489	9
473	2
575	7
482	8
581	2
220	3
526	3
598	3
435	3
473	5
605	4
571	4
520	8
436	7
666	6
307	6
569	6
544	1
591	3
561	5
575	13
548	3
232	1
559	7
548	6
612	6
573	14
657	0
670	5
197	1
141	3
346	3
641	2
490	5
345	6
504	5
572	2
326	2
529	5
754	4
534	6
405	0
589	7
679	7
544	6
579	11
164	4
589	6
597	6
436	10
404	9
611	9
584	13
532	5
435	3
558	13
688	6
663	11
367	9
328	8
492	4
476	9
626	9
660	11
587	10
617	10
165	2
280	9
569	5
514	9
658	13
643	2
636	11
538	2
680	8
403	11
495	11
626	9
331	7
519	11
387	3
328	4
585	6
561	7
617	8
569	9
573	13
530	12
621	4
420	2
626	4
572	4
664	5
626	7
440	3
599	6
596	10
305	2
637	8
653	8
613	4
575	9
706	7
697	6
613	4
475	4
550	7
302	2
608	11
317	7
600	4
754	9
592	3
627	6
605	3
498	1
595	8
477	3
615	1
594	7
687	9
643	5
267	7
564	4
640	4
498	2
562	9
200	4
578	4
567	9
588	7
682	7
749	6
597	6
626	5
606	4
471	1
171	2
398	9
441	10
477	3
443	9
742	22
610	6
583	9
740	6
588	0
610	9
667	5
681	19
626	9
662	9
120	3
559	2
749	3
518	5
500	4
558	5
653	10
132	0
626	9
498	5
643	3
673	5
677	11
513	4
364	5
660	6
582	11
516	4
259	3
594	13
339	6
640	15
746	15
547	15
639	10
227	5
281	5
619	9
615	10
656	12
584	11
671	12
724	11
637	11
535	7
464	3
663	14
426	9
461	8
308	2
349	6
567	9
104	0
511	9
269	2
361	5
656	6
538	8
584	9
356	4
603	9
652	11
653	2
407	5
678	5
562	10
396	7
597	11
621	14
194	0
607	14
615	16
608	8
636	7
429	6
659	19
599	11
590	4
621	12
504	11
335	6
470	12
556	7
621	2
162	4
438	10
639	9
435	9
677	23
575	10
483	6
616	8
483	6
660	2
652	15
611	5
369	3
584	4
292	4
600	6
349	3
107	3
610	4
750	10
510	5
618	11
630	10
334	1
626	5
333	1
585	5
664	4
369	1
531	10
359	5
613	4
633	9
619	10
550	9
647	8
437	9
691	10
634	8
479	6
712	9
349	2
598	6
281	2
667	9
387	7
601	4
585	6
208	3
673	3
557	6
602	7
649	1
559	8
573	3
565	2
568	5
626	4
745	14
626	9
486	3
658	12
471	5
270	5
659	7
559	3
643	3
431	13
242	2
551	9
427	5
614	7
380	10
754	12
543	8
568	6
426	6
258	4
619	17
650	12
307	9
557	9
648	8
326	6
490	7
198	1
518	15
616	8
319	3
557	7
600	14
269	4
480	6
677	18
219	7
356	3
539	7
477	6
446	5
321	5
517	5
643	11
543	8
444	6
577	9
522	5
542	6
642	0
644	4
382	2
345	5
310	4
656	5
689	6
532	2
460	4
284	2
395	3
583	7
603	4
589	4
611	4
198	4
215	4
751	15
638	5
607	12
539	7
617	7
558	10
694	12
465	5
461	4
390	8
489	0
365	2
620	3
592	5
556	13
489	5
332	7
554	4
580	5
426	4
530	3
375	4
599	7
362	3
496	8
686	11
586	9
210	2
590	11
679	5
605	5
648	12
624	4
276	1
635	3
649	7
644	14
517	10
656	8
644	5
631	9
577	9
647	6
511	3
569	7
548	5
605	9
623	14
522	10
533	12
381	6
191	1
581	4
617	6
558	1
330	5
667	11
583	5
571	9
556	3
577	11
638	2
178	4
710	15
270	6
293	3
614	5
551	10
646	3
106	2
351	6
624	3
544	7
601	7
259	2
578	4
616	12
157	1
569	4
145	4
223	7
647	13
139	2
629	11
676	6
392	7
573	13
516	6
633	6
595	8
560	2
579	5
607	4
396	5
291	2
364	3
368	2
655	14
163	9
501	5
589	3
455	6
566	3
398	4
556	5
544	10
286	4
586	10
553	7
601	8
345	3
536	7
545	13
563	3
585	8
134	1
440	3
174	2
531	12
600	10
322	1
741	7
496	6
312	3
550	10
525	7
626	13
601	4
282	1
586	5
411	1
187	2
394	7
573	7
256	5
662	6
607	6
623	3
405	6
548	1
240	4
647	12
572	7
326	4
526	5
673	3
670	2
449	3
144	0
352	2
155	1
538	3
349	3
475	2
618	3
637	5
594	5
477	6
340	3
543	6
286	1
358	2
268	2
179	1
229	3
359	2
156	2
667	5
758	16
481	9
567	13
112	1
309	1
225	0
301	4
289	3
632	4
612	9
552	7
473	2
582	5
587	2
721	15
199	2
410	4
680	5
697	14
317	4
666	4
650	6
310	2
445	8
405	4
447	5
564	5
365	2
491	4
553	6
633	7
240	1
500	6
601	12
569	5
331	5
498	10
378	1
230	3
249	0
667	12
342	7
661	12
601	7
599	13
488	12
457	7
648	9
626	12
562	8
562	12
295	0
348	1
446	5
475	7
355	6
581	10
630	6
127	1
656	15
622	13
571	4
648	13
359	1
587	4
595	4
597	5
263	3
295	0
191	5
134	1
481	5
468	10
367	2
449	4
636	13
122	2
624	17
629	3
571	4
762	8
571	8
572	12
501	11
329	1
424	6
600	6
709	9
481	8
539	15
364	3
105	3
614	8
603	7
698	4
687	2
226	4
593	6
439	1
532	12
190	0
253	3
607	5
751	12
606	8
682	5
423	1
631	7
573	4
329	3
508	2
613	2
687	14
265	1
673	9
489	7
403	1
310	5
507	7
691	8
156	4
578	22
576	5
139	4
193	1
405	2
630	8
652	5
413	16
506	9
521	4
560	5
636	4
531	12
612	13
570	11
622	16
679	7
636	9
618	10
386	12
462	5
525	6
579	10
666	3
578	10
438	5
581	5
527	11
744	8
302	2
577	5
309	8
430	3
641	5
634	7
607	9
686	11
677	18
535	4
499	2
425	4
231	10
557	9
571	8
199	7
589	8
345	3
565	8
275	2
606	11
583	5
627	10
637	6
631	8
574	6
610	6
452	5
349	3
318	4
441	8
244	5
454	2
647	13
485	4
563	6
462	9
366	7
693	9
662	15
482	3
738	7
598	12
752	11
286	1
673	3
403	10
587	9
630	6
530	1
499	2
341	6
451	7
181	2
597	5
476	1
421	5
591	10
766	10
346	4
245	1
603	4
584	15
334	5
321	12
503	4
380	3
652	5
580	7
430	5
462	10
471	6
632	3
278	2
425	6
656	9
212	1
582	6
672	7
567	19
633	7
665	8
590	5
625	8
614	8
580	2
604	8
633	3
729	5
334	1
303	6
489	6
580	6
656	4
573	13
566	10
566	10
608	14
637	8
313	2
384	6
652	12
481	4
446	12
584	6
584	7
286	2
365	6
572	5
758	6
365	9
739	9
559	10
644	6
528	7
623	11
519	11
672	4
607	11
557	11
495	0
670	7
634	5
113	0
142	2
660	6
416	2
707	4
199	3
626	10
577	6
602	10
620	7
533	6
438	7
677	8
652	3
584	14
593	7
599	5
573	1
612	11
487	10
206	2
643	1
469	5
546	10
601	6
262	1
150	3
721	7
576	7
317	5
603	5
389	5
612	3
634	8
532	4
656	6
368	2
441	5
673	9
343	5
595	10
339	10
538	8
648	5
597	14
653	5
625	9
596	9
585	2
495	8
425	3
278	3
638	7
593	11
632	8
545	7
675	10
427	6
604	2
505	1
597	4
680	13
655	10
617	17
125	3
301	11
395	2
365	5
666	17
657	7
612	6
509	8
374	3
654	9
587	7
630	7
637	11
646	7
644	12
303	3
755	14
413	2
767	16
459	14
644	7
526	15
377	3
665	8
636	8
431	3
598	10
596	10
668	8
526	11
178	2
629	13
641	7
493	6
559	8
652	8
667	9
542	5
431	6
201	2
526	11
597	8
374	5
687	8
394	7
355	4
576	11
299	4
384	4
273	4
660	10
665	13
356	3
593	9
667	10
219	1
666	17
432	7
585	13
602	2
615	4
357	5
655	10
555	3
611	7
612	6
631	20
316	1
248	2
505	3
682	2
585	6
241	1
297	5
318	3
348	5
180	2
460	9
450	4
630	0
577	7
499	7
473	2
616	5
419	6
462	4
241	2
620	6
341	6
308	5
573	3
157	0
298	7
587	4
523	8
127	1
407	2
680	6
672	11
674	12
580	6
451	3
693	9
571	11
255	2
550	8
524	6
591	9
594	10
301	3
557	11
266	4
543	1
645	7
302	3
587	5
187	1
104	0
435	3
751	8
265	8
622	6
689	8
629	13
310	5
567	6
747	9
657	5
642	6
349	3
257	2
651	7
629	12
606	5
113	2
583	13
241	1
660	10
703	13
588	3
488	9
566	6
480	5
659	8
412	5
211	2
632	6
641	6
680	4
505	4
574	9
254	3
396	7
590	6
413	3
636	3
597	1
341	2
637	8
643	6
460	4
206	2
538	3
594	7
592	5
543	5
229	4
552	6
172	3
340	7
540	3
180	2
342	5
240	1
616	9
422	3
339	5
644	11
661	11
275	5
553	4
617	10
529	8
613	9
609	18
559	3
170	2
508	5
219	4
602	10
157	1
660	12
610	10
345	9
594	9
454	1
460	1
578	4
540	6
586	3
383	7
545	5
594	8
639	9
295	7
625	11
383	1
745	9
255	2
361	1
663	6
551	8
351	3
405	3
577	4
371	4
615	11
425	6
546	3
580	4
602	3
581	5
376	1
632	8
549	4
746	10
586	7
597	6
602	3
668	2
614	10
653	9
367	2
241	4
351	5
595	1
475	8
559	2
677	9
330	6
618	9
326	5
135	2
337	5
443	9
620	2
541	4
575	9
368	4
343	5
468	3
559	17
603	6
569	3
679	7
654	7
721	21
203	5
584	2
608	6
288	4
425	1
606	5
537	2
507	3
646	5
613	11
590	10
419	1
710	4
244	3
299	1
449	4
398	6
473	6
586	4
206	3
506	3
606	6
622	6
430	7
667	6
594	8
197	3
220	2
584	3
435	9
477	8
309	3
563	8
475	5
447	7
235	0
600	3
635	3
580	6
287	9
562	7
538	7
690	14
572	11
568	4
284	0
684	18
388	3
674	11
656	8
623	7
634	19
694	7
692	4
632	10
423	5
609	6
266	1
625	6
746	15
648	8
593	5
461	9
250	4
451	2
326	8
282	2
694	7
169	0
562	5
435	3
690	8
471	1
572	6
381	2
639	5
299	1
346	1
572	6
262	2
629	7
473	3
647	10
471	4
158	2
129	2
561	6
638	9
663	22
465	6
628	4
621	11
538	4
605	9
514	8
431	6
179	3
437	9
190	3
673	8
399	5
592	7
577	5
593	10
563	4
508	6
225	4
613	7
753	14
188	4
583	7
324	7
641	6
374	6
360	3
494	11
328	8
563	9
237	1
447	3
349	3
646	8
520	12
298	3
578	9
389	6
633	7
546	5
587	6
417	7
342	5
123	0
446	9
626	4
230	4
312	11
574	7
296	2
308	1
685	13
707	5
623	3
384	2
244	3
552	5
596	5
322	4
532	7
618	7
487	9
655	7
121	0
116	1
100	1
298	1
433	8
540	9
495	3
669	1
671	11
653	11
659	5
513	5
645	10
642	2
682	9
599	6
699	6
600	13
290	5
501	8
543	9
633	4
360	8
563	6
329	6
593	9
409	7
635	7
376	5
664	5
570	6
705	9
667	4
651	7
217	1
608	4
618	14
481	7
663	9
620	7
435	6
644	7
135	4
250	5
605	10
502	9
620	9
386	6
358	3
510	6
677	11
515	12
473	4
501	5
511	4
581	15
566	7
244	5
507	8
332	9
393	3
334	4
167	2
655	2
636	14
153	1
613	3
434	2
491	2
338	1
617	3
462	7
619	3
510	4
516	11
584	8
662	11
528	2
199	2
694	5
619	13
629	6
681	4
534	8
681	6
692	8
554	4
588	6
714	8
601	13
388	6
471	5
616	7
529	12
620	8
630	8
288	2
635	10
652	7
411	13
179	1
624	5
476	4
594	5
652	7
617	13
554	6
598	7
637	3
550	4
627	16
483	2
607	3
615	6
625	3
617	7
410	0
501	4
634	11
723	9
325	3
353	6
599	9
446	6
614	2
609	5
572	8
477	10
705	9
427	2
651	9
597	8
185	0
543	5
552	4
647	7
625	11
377	5
421	4
722	13
408	8
344	4
629	6
534	6
424	3
561	3
629	10
617	8
624	5
602	16
456	6
451	6
744	6
565	4
455	5
322	5
606	5
659	15
442	2
594	11
540	3
216	0
633	3
638	9
451	5
637	8
601	5
586	7
651	9
586	5
184	1
750	6
639	2
639	10
406	6
661	8
480	2
602	4
127	0
580	4
528	5
499	6
591	16
650	5
395	5
542	11
599	8
313	4
600	6
273	1
108	1
652	7
117	1
568	2
673	4
605	7
369	8
596	11
683	6
348	0
487	11
305	2
592	8
394	7
591	5
565	8
152	1
646	2
320	2
511	2
591	5
618	7
427	0
718	9
315	2
443	13
386	4
519	4
446	9
324	4
429	8
646	5
620	7
542	7
303	2
653	7
597	7
595	6
391	3
690	7
670	12
564	8
538	6
636	3
753	16
444	6
512	9
570	11
665	12
557	7
676	9
583	14
650	16
217	4
523	5
224	3
262	2
535	5
620	11
597	7
554	7
515	11
490	8
139	2
586	5
555	4
295	5
588	9
209	2
286	3
254	2
648	8
382	5
601	7
333	0
464	7
529	8
540	9
471	4
608	5
254	2
291	2
449	5
673	8
614	11
633	8
606	11
687	13
650	2
532	5
655	2
629	5
325	3
605	12
332	7
691	4
609	7
620	6
407	5
375	9
580	3
190	3
562	9
667	8
459	5
498	5
635	17
618	5
243	2
664	9
634	8
537	6
610	6
595	6
489	2
601	10
625	10
597	7
645	7
612	3
724	16
484	5
582	16
119	2
513	6
642	4
569	19
573	5
492	8
302	8
592	4
610	6
347	2
488	2
687	10
575	7
401	2
190	1
542	10
540	8
547	7
226	1
333	6
486	2
528	5
336	5
175	2
671	9
607	5
334	1
561	8
593	1
559	8
523	8
664	5
191	0
245	7
585	13
215	3
163	4
393	7
656	11
618	6
437	8
636	7
598	7
337	5
277	2
557	5
329	3
508	9
334	6
352	1
609	10
374	6
621	6
212	4
233	4
547	4
288	2
320	4
335	1
308	2
217	0
668	11
600	3
643	6
654	15
206	1
461	9
524	5
749	12
447	4
602	9
527	8
524	7
613	5
125	2
577	4
239	3
474	1
751	8
629	11
608	14
653	11
601	11
441	14
626	6
659	3
601	8
575	12
431	7
596	6
553	17
509	8
560	6
469	5
437	7
585	16
656	6
540	2
395	4
507	4
365	1
575	1
642	5
573	4
608	7
615	8
194	3
619	4
624	10
414	9
611	8
281	4
237	8
421	5
505	6
297	5
496	5
341	9
585	8
515	1
378	12
638	7
549	10
577	15
659	17
180	2
104	1
158	0
330	3
587	12
616	12
513	6
641	6
294	8
340	4
460	2
644	7
591	5
145	3
334	5
611	7
558	4
515	6
686	9
430	4
541	6
423	8
548	10
614	8
113	0
545	11
679	9
357	7
526	5
738	8
597	7
284	2
255	4
409	3
665	9
486	6
527	3
569	13
438	2
430	4
423	7
601	4
521	5
565	9
537	3
549	4
607	5
543	2
363	3
589	9
318	4
454	3
469	3
484	1
225	5
648	2
290	2
612	5
672	9
571	10
376	3
176	0
382	4
583	6
384	4
634	6
601	1
648	4
536	6
600	4
698	10
575	4
708	6
566	5
329	5
526	5
488	4
272	5
130	2
490	4
616	6
212	2
498	7
195	1
592	1
621	8
648	9
585	10
443	3
647	9
374	3
625	4
469	5
211	3
699	9
374	12
249	1
657	6
398	3
303	3
576	4
568	3
506	9
463	3
586	7
506	6
349	8
439	4
297	6
562	10
474	6
139	3
489	8
619	2
502	3
661	7
611	15
622	6
555	8
614	4
488	4
647	14
370	2
606	12
445	2
572	5
633	11
645	10
271	2
485	6
356	2
652	10
325	4
443	3
616	4
119	2
752	11
751	4
246	5
346	8
516	9
568	3
597	9
636	7
495	4
136	1
603	9
130	1
304	2
610	10
547	8
418	4
660	3
116	1
520	8
582	6
265	4
215	3
636	4
636	4
383	7
587	3
558	13
597	4
660	4
294	3
557	13
627	5
634	12
260	2
463	3
237	0
630	13
609	13
576	7
555	7
489	10
608	9
452	6
176	3
674	7
635	5
482	7
118	2
675	11
703	7
228	2
640	6
603	3
646	9
632	12
625	8
263	2
474	1
568	3
618	9
544	8
532	18
530	7
638	7
738	8
587	9
597	6
474	13
291	5
659	5
517	9
342	3
394	4
408	3
540	5
595	7
531	7
659	5
334	3
359	5
459	2
450	6
454	14
593	11
565	6
568	5
542	10
313	4
618	4
546	11
582	7
308	3
272	5
212	5
231	2
662	13
535	8
606	14
699	12
656	6
638	16
609	7
496	11
464	9
636	4
534	7
557	9
339	4
425	3
375	1
661	6
569	2
255	5
610	6
365	3
600	4
607	6
129	3
638	7
309	7
633	4
518	10
653	3
590	6
334	3
99	1
390	7
541	6
417	6
523	9
568	6
660	12
502	5
296	4
655	7
653	7
568	8
643	5
355	2
592	8
667	14
643	5
415	3
609	8
528	7
608	7
617	5
129	2
622	3
464	4
721	16
518	4
555	6
608	6
466	3
518	4
437	6
648	8
496	3
225	0
574	8
300	5
598	7
375	7
624	10
420	5
598	5
257	3
677	6
397	5
328	2
629	7
618	10
516	5
577	6
537	4
523	4
566	6
404	6
615	10
525	10
504	2
194	3
682	12
633	9
469	2
520	1
671	6
278	4
569	3
301	2
592	8
663	15
254	0
695	4
639	2
317	1
588	7
639	8
631	9
112	1
645	4
618	9
110	2
558	7
589	5
593	8
219	0
571	13
597	13
602	5
618	8
643	7
566	10
670	8
250	2
620	4
471	10
327	1
154	3
279	1
601	5
460	2
346	3
596	5
561	5
538	5
297	2
565	12
631	9
586	11
188	1
328	4
284	4
512	2
645	8
303	4
610	4
639	9
572	8
182	6
662	8
672	8
361	5
548	5
606	2
705	14
300	3
645	7
570	6
461	2
612	2
434	5
624	9
216	3
669	11
621	8
576	8
550	7
638	14
614	3
262	2
589	10
351	5
439	6
199	4
507	5
620	7
350	8
412	10
445	10
233	4
336	3
474	5
385	4
647	11
575	5
628	6
635	8
547	3
541	6
244	1
112	3
503	9
468	4
439	1
659	6
623	5
568	0
355	0
106	1
218	3
670	7
256	1
439	9
593	9
692	16
612	3
233	4
281	2
672	6
593	9
281	2
645	4
646	6
540	11
596	10
575	8
504	3
370	4
546	9
625	4
387	8
202	3
544	5
180	1
619	13
359	5
632	3
635	4
688	14
661	5
598	11
611	6
624	15
234	1
637	2
612	12
259	2
335	4
685	14
296	2
589	5
605	7
586	5
472	11
369	0
321	3
206	6
578	11
749	8
749	15
540	10
391	2
306	1
388	9
575	10
623	7
675	4
576	11
458	7
378	5
426	2
681	10
521	11
660	9
421	6
488	5
589	11
521	6
609	6
711	18
353	9
552	13
623	11
615	17
742	17
553	5
512	9
632	7
586	8
369	1
728	7
464	7
589	8
667	11
434	7
640	8
400	13
497	6
230	4
628	8
643	8
517	5
302	2
515	5
353	4
607	11
438	5
462	9
687	6
417	11
749	8
641	3
602	7
613	10
454	10
586	3
604	4
595	15
502	8
359	4
572	16
502	5
111	1
612	11
269	6
611	7
640	6
392	2
456	7
671	10
349	4
298	2
542	5
687	7
647	10
604	4
623	10
626	4
488	6
650	10
229	4
352	5
492	4
541	13
376	4
459	11
625	8
647	12
619	8
606	3
510	9
481	11
683	11
477	3
679	7
319	3
653	5
398	7
405	4
625	3
221	1
609	6
586	14
537	3
159	3
210	3
549	4
653	15
492	13
619	8
162	6
435	6
190	0
535	15
443	4
339	1
532	14
571	2
593	8
448	8
739	4
674	3
592	10
751	3
578	16
451	6
655	8
466	5
621	8
432	1
453	7
589	7
566	6
396	4
563	10
594	2
599	9
624	6
575	7
357	8
538	7
407	7
472	6
437	7
669	4
357	2
253	2
546	4
620	2
457	6
632	11
613	12
579	9
700	7
528	14
564	10
628	7
268	3
483	5
657	5
581	5
426	5
271	0
470	4
260	1
382	2
687	13
633	12
596	4
272	3
585	7
166	2
619	8
291	5
639	4
586	3
640	4
521	7
242	1
700	4
292	5
340	11
648	8
438	4
530	4
626	1
177	1
553	7
613	8
617	11
720	12
373	3
142	1
541	1
569	5
547	12
441	3
537	4
653	13
591	10
313	7
246	4
211	2
370	6
626	7
615	5
483	5
640	6
709	7
425	6
655	11
324	3
286	4
598	10
293	5
194	1
457	8
605	5
454	5
398	5
399	9
451	4
380	5
602	3
584	9
711	4
594	13
668	7
376	4
657	11
401	5
624	4
507	8
444	11
322	2
603	11
677	14
635	17
637	5
578	0
595	8
664	8
343	3
477	9
358	3
222	4
562	14
298	13
365	4
596	9
550	2
442	5
679	5
603	19
445	3
321	3
656	5
681	17
750	7
157	4
274	5
637	10
562	7
575	8
506	8
656	2
405	8
261	1
451	5
666	4
625	9
649	6
330	7
213	1
649	2
662	3
703	13
570	12
364	0
274	5
292	2
696	5
151	2
634	3
639	13
557	1
189	0
603	8
632	7
422	10
536	12
551	5
672	7
612	3
630	6
616	9
629	4
227	4
523	6
657	11
280	3
201	8
644	8
625	7
509	3
362	6
164	1
638	8
372	4
408	7
308	3
667	7
596	9
614	12
618	5
345	2
541	1
627	2
553	11
599	5
417	2
586	8
524	2
458	9
530	6
493	8
430	3
633	9
555	11
534	7
357	8
238	0
580	7
655	5
527	7
257	3
327	3
517	2
191	0
556	7
648	6
600	9
636	8
172	2
417	8
636	4
236	2
359	8
722	15
239	2
216	1
512	6
225	4
649	5
526	4
572	11
693	5
264	0
569	5
173	2
605	7
664	4
624	4
524	9
551	4
617	3
616	5
632	5
231	0
479	5
625	5
348	2
430	8
578	0
618	19
301	4
617	4
568	5
284	1
659	9
748	5
646	5
365	2
631	1
477	10
546	7
300	6
638	8
727	6
547	7
619	7
344	2
643	5
665	8
416	6
689	3
231	3
290	4
505	14
585	9
456	5
597	3
111	2
605	9
431	3
589	3
552	6
584	10
552	8
481	5
417	7
143	3
153	5
368	1
282	14
591	5
427	4
625	10
365	6
550	6
266	6
644	6
648	9
650	3
176	1
613	9
330	6
577	9
188	3
431	5
198	1
389	5
662	4
492	9
616	4
752	4
651	7
347	2
233	0
358	6
217	2
609	5
319	4
657	7
313	3
594	6
649	3
448	10
574	4
265	6
299	7
608	6
208	2
583	7
734	9
615	5
622	9
522	5
637	3
430	8
430	7
258	6
651	8
434	3
430	6
362	3
556	6
570	10
632	5
621	5
571	4
597	11
153	3
645	6
609	4
593	16
280	5
617	8
612	5
282	3
327	3
577	8
652	11
627	7
212	2
681	14
471	16
603	7
643	11
413	3
592	6
496	7
609	1
651	11
601	4
571	2
275	5
290	3
254	0
627	14
435	7
557	7
496	6
599	8
636	5
598	7
210	3
279	1
642	15
720	4
464	5
449	1
629	11
470	6
580	4
625	14
647	11
606	14
621	12
218	3
663	6
595	6
308	4
617	13
651	5
687	6
663	9
648	2
476	6
605	7
651	9
653	4
404	2
614	3
487	3
663	10
621	6
597	11
472	6
597	9
493	7
455	8
477	8
360	8
607	7
656	5
528	4
604	4
336	2
549	8
350	9
206	3
540	21
417	14
640	6
155	2
148	3
176	5
414	6
198	3
512	8
486	7
623	7
264	0
143	3
666	9
251	5
557	6
649	8
636	12
622	5
660	11
460	10
604	7
458	10
264	3
561	6
243	3
666	2
334	4
664	15
603	4
332	3
750	11
644	3
515	12
654	14
488	6
428	4
595	4
590	5
336	0
684	9
635	6
683	4
551	7
708	7
630	3
506	7
573	5
656	6
698	7
580	13
674	5
605	2
152	1
476	9
232	4
628	5
740	8
623	4
579	10
628	7
584	14
670	6
617	8
374	5
696	10
475	9
618	15
558	14
532	13
593	12
268	0
234	6
618	9
211	8
624	7
358	2
163	5
338	4
347	1
571	11
473	2
359	5
434	8
549	12
103	1
471	1
189	2
609	8
690	3
124	3
578	7
607	4
530	3
568	11
627	11
620	5
621	16
662	15
644	9
574	8
494	4
405	5
656	5
618	5
587	10
492	4
460	9
624	6
674	15
310	3
590	16
321	2
154	0
696	11
397	6
495	3
578	8
654	9
551	8
489	2
667	6
588	8
319	3
591	3
585	5
518	8
464	5
515	5
610	9
594	2
562	6
281	1
538	13
301	2
521	10
445	4
602	2
694	10
530	11
758	13
186	0
659	11
396	4
119	3
578	5
543	8
238	5
457	5
632	6
604	6
591	5
336	7
308	3
586	4
368	4
646	8
545	17
582	9
410	8
587	6
661	11
574	7
383	6
579	8
412	2
409	8
126	0
566	8
416	10
456	6
572	12
472	9
602	2
329	2
679	13
646	6
617	3
612	11
631	11
678	9
444	11
615	2
655	8
613	7
632	4
581	1
476	11
628	14
651	10
284	2
613	6
692	6
653	5
432	1
547	6
299	3
532	8
512	7
734	10
586	1
510	4
548	10
159	1
523	5
736	15
258	2
617	4
261	2
361	3
650	11
648	20
631	4
710	6
306	3
666	10
638	6
627	6
615	16
330	4
642	12
604	5
652	7
591	1
579	8
665	11
608	8
323	3
601	6
667	5
602	7
458	5
572	3
351	1
590	6
611	9
661	9
328	0
749	6
651	4
646	5
285	2
613	10
578	3
339	3
455	5
530	4
181	2
247	5
137	1
631	10
591	11
217	3
305	4
602	3
321	3
371	5
574	2
437	6
597	9
453	8
492	5
418	5
572	9
391	1
256	3
589	6
708	7
550	7
630	10
660	11
136	3
700	12
381	2
584	16
641	8
698	8
578	10
602	8
498	7
511	11
640	14
560	6
641	13
173	4
415	4
654	5
633	10
587	11
425	9
470	2
177	2
620	5
100	3
350	4
493	3
389	5
244	0
659	4
394	4
638	8
247	6
259	2
135	3
235	2
196	8
510	7
412	9
596	13
599	6
607	12
522	12
627	4
169	2
609	8
556	6
205	1
633	15
654	12
620	12
589	7
281	6
291	3
657	9
555	4
316	2
519	15
328	2
608	7
594	33
541	11
612	7
315	5
240	3
594	6
314	0
346	4
574	12
547	5
607	7
591	3
338	3
749	5
581	8
625	5
215	1
204	4
476	12
685	10
668	8
577	10
393	5
678	10
604	5
229	0
433	4
564	7
626	6
582	3
643	10
564	5
200	5
542	7
651	16
642	7
523	16
568	4
639	14
528	6
212	4
405	4
566	5
614	3
374	8
662	4
500	4
439	2
552	11
643	2
626	3
614	4
633	11
387	6
670	7
661	6
643	6
386	0
322	3
652	11
584	17
563	6
396	4
203	0
627	10
448	10
603	7
312	3
475	8
294	14
560	2
598	10
548	11
628	4
581	4
622	11
708	11
377	4
620	9
207	3
368	5
632	10
210	3
140	2
625	12
652	8
139	4
678	10
607	7
353	5
612	7
617	9
698	22
482	11
583	16
403	4
588	8
638	20
506	3
570	4
670	10
470	6
386	6
649	7
554	5
585	7
339	7
177	4
288	4
466	4
674	7
442	4
443	9
590	10
629	15
344	6
586	6
667	13
585	10
506	3
581	7
516	1
615	4
639	6
350	11
570	4
666	10
602	9
602	10
172	3
705	20
698	12
366	5
390	7
119	1
607	8
431	2
169	1
620	9
200	0
466	9
631	14
666	8
260	1
480	5
556	10
600	6
622	7
449	6
554	1
568	4
648	9
666	4
640	11
388	3
549	3
648	9
639	11
339	14
341	6
251	2
334	2
559	1
648	6
324	6
523	8
437	2
186	0
415	5
232	7
636	10
635	16
427	8
612	12
582	8
281	4
630	8
402	8
674	14
655	7
462	14
375	6
639	7
534	6
383	8
402	4
334	4
241	6
227	1
399	4
645	6
631	5
673	6
628	6
633	2
585	5
704	5
443	9
348	4
575	3
571	5
645	2
191	1
630	8
605	5
421	5
571	6
465	7
438	4
264	3
384	0
519	3
588	9
533	6
628	6
135	3
618	7
406	6
616	6
410	1
633	6
211	1
565	3
615	5
642	6
511	6
652	16
299	4
447	6
711	5
630	2
649	12
200	4
155	4
554	8
380	5
403	2
253	5
381	6
724	9
533	11
338	6
516	4
165	3
544	5
607	8
596	5
595	5
427	5
321	6
651	8
373	2
581	6
751	8
398	4
556	9
599	13
665	8
601	5
648	7
455	4
133	4
253	2
656	7
382	5
596	6
586	3
169	6
591	11
267	4
201	3
552	11
510	8
592	9
458	5
628	6
536	6
632	6
687	15
614	7
572	7
650	5
441	5
587	8
700	12
522	7
579	22
604	10
286	4
540	13
511	7
668	9
713	12
445	3
516	4
531	3
539	14
615	11
658	14
460	8
366	6
717	15
602	6
530	12
367	5
651	4
562	9
648	7
279	4
663	9
436	0
645	9
563	4
658	10
635	5
515	11
453	9
606	6
569	12
541	4
207	3
622	10
693	8
633	10
319	1
645	7
370	11
606	4
550	6
561	4
209	5
605	5
657	7
623	7
244	2
650	13
626	6
455	8
589	11
386	2
631	4
640	3
644	6
645	16
122	2
613	10
443	4
528	3
586	4
576	13
353	6
514	3
196	1
448	4
308	6
492	4
307	2
536	5
253	2
217	1
243	0
628	7
586	3
209	0
356	5
622	7
339	2
166	1
615	10
557	8
660	8
683	6
416	2
435	2
213	3
427	9
474	4
294	5
401	4
172	1
565	19
156	0
602	5
689	3
280	8
308	5
751	16
631	10
283	6
621	14
708	10
749	15
537	4
627	10
482	15
441	3
626	4
622	17
225	4
673	5
465	6
568	8
386	4
518	7
753	14
679	14
141	7
266	2
427	16
596	17
595	9
598	6
653	16
381	6
583	11
505	4
551	9
640	11
609	7
659	4
569	6
707	13
415	7
619	8
258	7
637	7
605	11
646	11
245	9
607	12
303	4
566	12
587	8
518	12
703	10
654	14
413	12
615	7
615	21
629	15
618	9
534	7
407	12
659	18
177	2
558	4
574	11
560	11
510	6
152	3
629	13
421	8
604	14
471	6
276	7
277	4
539	13
503	3
600	13
646	12
132	2
530	13
590	12
306	1
454	5
597	9
351	5
676	12
492	14
353	5
398	3
664	16
476	3
331	3
475	4
111	0
691	14
385	6
623	2
312	9
628	8
667	10
744	6
646	7
577	6
378	8
629	11
647	8
602	7
593	9
483	6
490	6
644	6
250	3
507	7
619	9
409	5
264	4
378	3
683	8
396	4
329	7
573	11
746	9
420	8
358	5
684	8
557	7
489	15
259	3
235	3
574	6
639	9
492	1
537	8
137	1
246	4
586	8
626	5
607	8
528	7
161	4
344	3
154	0
372	5
749	7
582	6
602	6
601	4
614	1
648	10
297	1
645	1
437	2
597	4
578	4
451	2
565	3
401	7
642	9
576	5
636	5
273	1
637	9
432	3
544	8
685	13
521	3
342	6
219	2
589	3
361	7
525	12
152	0
519	5
666	7
380	5
493	3
534	5
629	5
165	6
579	4
316	4
610	4
356	4
645	6
110	1
260	1
598	3
675	4
486	3
487	5
588	7
432	1
582	9
642	6
427	9
538	3
355	2
337	3
359	6
358	5
389	3
102	0
395	7
626	3
641	6
633	2
606	6
361	3
211	2
662	9
589	3
409	7
648	5
196	3
617	5
622	4
609	11
608	13
509	9
654	6
671	8
282	3
263	3
546	6
591	6
544	11
646	5
605	6
573	4
390	6
200	1
570	6
578	2
494	4
578	12
608	8
280	4
752	14
548	8
320	1
509	2
473	5
521	4
578	7
344	9
539	1
279	5
623	6
672	7
750	8
675	11
667	8
499	1
636	3
572	10
597	7
679	11
355	3
360	5
559	8
649	5
657	5
620	15
434	6
323	4
551	4
333	2
481	5
643	3
404	5
616	7
603	4
657	14
657	8
655	11
608	14
637	8
666	7
310	3
620	7
640	9
665	5
578	6
617	5
657	15
454	3
440	1
288	7
474	2
559	5
651	5
259	2
627	6
437	2
231	5
624	5
706	6
624	4
671	9
446	7
635	6
339	4
257	1
519	9
619	5
520	7
247	1
432	4
629	9
373	3
535	3
667	5
625	9
586	6
680	13
661	4
654	10
687	9
617	5
619	6
239	3
612	14
411	4
686	4
266	2
414	10
692	7
601	6
446	3
613	11
328	4
134	0
501	3
626	6
752	10
591	8
635	4
553	9
535	5
510	3
665	7
446	4
502	7
220	1
444	7
572	9
643	8
634	11
568	8
651	14
258	3
688	10
152	1
282	8
389	6
473	7
608	9
189	4
613	10
386	6
296	8
394	3
585	10
630	12
710	5
630	13
642	13
485	9
520	12
441	7
157	1
604	11
213	4
455	8
490	12
433	10
506	11
168	4
576	7
219	0
617	18
314	6
543	8
289	3
619	8
590	5
665	15
686	7
535	6
608	19
598	14
524	7
629	5
542	5
508	6
716	14
543	6
410	4
567	8
423	8
471	5
234	3
600	6
140	0
530	3
434	5
491	5
657	5
448	5
671	9
312	7
662	8
628	4
565	4
749	9
168	1
351	15
564	5
404	3
636	12
101	4
651	4
293	4
589	1
686	3
641	7
436	5
588	10
566	4
449	8
261	3
642	4
223	3
246	1
571	6
614	6
559	5
655	11
688	14
623	7
551	9
193	0
430	5
319	6
690	9
658	3
550	4
650	16
211	2
645	9
379	9
509	7
216	7
594	13
492	9
486	5
458	3
506	2
133	0
613	6
648	16
586	10
661	4
597	9
335	4
598	13
507	4
657	10
225	2
627	9
566	12
633	12
599	1
438	7
610	4
566	8
271	0
573	4
207	1
676	4
124	2
622	4
592	9
441	4
643	7
612	7
632	6
581	6
453	6
141	4
182	3
251	2
709	4
338	7
677	6
599	16
730	7
591	11
259	4
456	5
170	1
513	3
331	3
642	10
339	2
435	8
212	1
592	6
440	5
616	6
563	7
580	7
510	5
703	6
507	5
605	4
288	2
493	12
631	4
615	8
300	6
267	5
203	1
549	4
518	5
613	6
401	7
709	13
402	7
623	9
500	10
486	8
497	8
657	11
581	13
750	21
480	5
625	9
663	12
384	5
625	19
601	4
460	12
516	10
383	2
624	8
755	10
588	3
637	10
582	7
576	4
313	4
599	9
598	6
608	3
590	4
413	2
668	5
505	7
143	1
194	0
489	7
617	6
195	2
560	4
406	5
189	4
608	6
641	3
752	8
361	3
183	2
346	1
497	7
560	7
618	6
164	4
172	6
637	8
705	5
686	3
529	6
618	7
202	3
492	3
626	10
276	2
574	7
604	5
674	11
638	6
554	5
569	4
623	11
583	8
648	11
610	6
472	7
534	5
501	7
585	11
600	5
570	4
379	3
616	5
531	4
615	14
585	8
514	3
583	8
724	7
747	6
695	4
233	0
595	2
629	8
576	6
601	12
350	13
604	6
571	14
603	7
508	3
637	9
337	2
653	4
604	2
541	1
618	12
588	7
659	7
697	8
572	9
624	9
634	10
626	10
618	12
379	3
581	3
561	5
311	1
164	2
677	8
575	7
583	8
610	9
331	4
675	4
495	4
546	9
684	9
408	6
448	4
628	3
577	10
264	4
622	3
396	5
622	2
453	9
705	8
358	8
699	4
305	6
572	7
152	3
652	10
603	8
318	1
528	3
260	3
424	4
413	11
328	1
217	2
561	9
458	6
663	11
666	11
636	7
175	5
140	1
423	6
176	1
563	5
553	2
462	7
695	4
218	0
509	7
608	7
562	9
270	2
517	1
508	2
664	11
649	6
540	9
620	5
517	16
636	7
669	3
711	7
629	9
621	5
301	6
583	5
750	18
438	11
535	7
738	7
639	4
627	10
606	6
550	5
584	2
589	7
749	12
515	6
572	5
413	4
583	9
607	9
583	12
318	6
541	6
666	18
300	3
569	9
589	7
582	9
565	8
680	11
538	1
735	9
600	6
592	10
543	5
208	1
634	3
205	4
531	8
633	7
239	7
592	7
180	3
593	6
644	4
598	3
617	8
668	10
632	17
599	6
602	15
669	10
446	7
640	5
217	0
359	4
429	7
591	8
589	9
462	7
587	7
356	10
660	15
538	8
642	8
577	14
393	3
619	9
617	25
462	7
609	12
563	10
357	3
591	16
621	3
357	3
616	9
176	3
611	7
661	10
639	8
535	6
525	5
748	17
593	2
165	1
583	10
586	14
623	18
552	1
369	5
485	10
519	2
506	6
699	18
249	1
613	4
285	2
299	6
639	14
354	8
638	15
557	8
739	7
267	3
517	6
656	3
302	2
677	12
648	8
222	2
518	10
438	4
110	0
690	8
600	5
226	2
286	6
200	7
649	9
652	6
634	6
635	8
662	6
727	13
569	12
733	5
401	3
584	8
596	7
476	3
629	13
605	10
174	3
249	4
652	16
593	7
119	1
254	5
651	11
574	11
626	8
250	2
454	2
145	0
619	9
674	13
667	23
198	3
233	5
380	7
544	9
235	0
194	8
448	13
478	12
529	10
611	3
605	8
490	9
223	3
644	18
506	8
583	8
580	8
379	8
217	1
194	3
447	7
310	2
624	12
735	8
612	11
436	3
177	4
318	8
271	4
565	5
451	8
230	3
617	18
533	8
130	1
315	6
584	4
477	6
511	6
280	7
514	5
333	9
690	9
319	7
452	3
271	2
539	7
533	3
341	10
645	6
127	2
507	6
282	10
635	13
606	6
186	5
628	9
127	4
547	8
495	2
500	10
641	9
603	3
180	2
291	7
543	11
686	2
644	6
583	7
658	2
590	12
297	1
680	7
228	3
749	6
420	7
572	6
367	0
453	6
548	8
656	8
492	7
561	2
597	5
129	1
494	6
430	5
641	6
630	6
583	13
663	6
211	3
747	12
653	10
549	11
208	3
449	4
320	4
188	2
635	11
631	3
601	9
663	8
221	1
652	11
534	7
271	4
599	6
605	5
469	8
572	4
333	4
322	10
344	3
422	3
613	5
304	2
525	8
435	3
346	2
389	3
127	4
561	7
404	1
427	3
441	9
626	9
189	2
516	5
184	2
346	11
528	7
562	3
190	2
432	5
153	3
653	12
200	2
612	11
311	9
233	6
335	3
203	3
439	7
405	6
468	12
621	7
475	2
278	5
259	3
563	15
606	16
361	5
296	5
158	1
110	0
611	7
607	11
498	6
648	14
655	13
584	15
557	14
449	5
255	1
164	3
306	8
325	5
454	0
625	12
240	0
442	3
399	5
304	4
488	7
352	7
545	11
585	10
248	2
194	1
274	2
106	0
228	1
539	5
671	11
595	10
465	4
555	14
384	7
582	8
611	8
664	7
675	10
190	8
468	4
613	6
644	6
322	4
324	7
593	11
641	7
627	7
632	12
536	11
562	13
618	9
132	0
576	7
265	3
633	10
557	9
597	13
611	6
646	3
520	5
463	1
461	10
626	7
607	14
605	8
614	3
353	2
415	5
381	8
645	12
482	3
554	10
625	3
128	2
621	10
301	1
251	1
668	8
652	12
582	6
656	10
638	7
637	13
636	9
485	3
647	13
633	10
322	7
252	2
751	5
637	8
256	2
221	4
646	13
603	15
703	10
437	6
320	3
655	10
585	4
583	4
527	3
640	20
587	9
594	6
558	10
591	4
622	6
641	8
657	8
212	4
557	5
416	4
635	4
301	5
652	5
414	2
648	1
698	6
699	10
665	11
605	9
586	6
648	7
352	1
589	6
617	8
581	6
579	1
559	5
264	11
740	12
684	12
374	5
539	16
574	11
674	6
477	14
674	13
140	0
608	3
636	5
496	7
638	6
655	6
209	1
397	2
741	9
424	1
750	12
258	4
133	0
568	3
587	6
239	1
662	2
553	3
612	13
464	8
427	8
402	0
449	8
497	4
589	3
640	11
599	5
660	3
193	0
531	5
606	11
160	3
545	4
671	8
663	4
666	7
516	4
469	6
463	4
670	9
612	7
586	10
702	10
417	1
613	6
608	10
733	8
408	1
666	12
464	3
622	6
679	14
628	8
656	4
630	2
103	0
151	4
581	5
542	3
341	1
586	4
610	6
598	7
509	10
285	1
633	3
597	14
581	7
364	2
219	5
516	12
578	2
367	6
575	5
595	11
625	15
567	8
585	10
598	12
531	13
646	10
429	6
605	15
421	3
336	5
597	5
338	6
576	5
425	5
651	8
616	6
611	9
564	2
557	13
641	6
604	7
558	2
565	5
578	7
624	9
616	1
610	6
674	16
245	4
546	6
595	2
306	3
437	7
609	7
593	6
608	2
629	4
388	5
325	7
649	8
630	7
590	5
632	13
548	9
290	8
379	3
582	5
463	10
170	1
623	7
401	5
637	12
534	2
599	7
578	7
427	2
585	3
392	6
300	4
643	10
560	5
499	7
664	18
431	5
335	10
467	9
575	5
602	7
410	12
505	3
653	12
319	5
484	9
532	5
612	9
563	2
636	10
368	5
502	12
245	3
608	11
598	9
382	6
751	9
456	3
574	12
594	7
695	16
573	12
291	2
553	9
703	18
615	8
246	1
162	2
707	13
709	9
590	8
625	11
276	2
552	4
594	12
643	6
616	6
672	4
654	7
673	6
559	4
601	8
605	8
602	5
270	1
656	8
638	11
409	3
594	4
273	4
536	8
313	6
585	7
588	10
397	6
462	6
597	10
128	0
480	2
491	8
490	12
369	9
322	3
506	7
587	8
118	6
689	6
692	9
368	7
564	6
174	0
599	9
212	2
343	4
304	2
599	11
300	8
656	18
238	3
334	7
559	10
408	6
551	12
205	4
461	10
601	11
286	4
200	2
544	7
601	5
598	8
506	10
399	5
532	6
478	10
407	4
519	7
391	7
615	16
604	7
183	1
626	8
652	7
293	3
603	14
541	9
673	5
574	2
505	3
749	14
196	7
308	4
573	10
614	10
577	5
633	11
587	7
653	6
731	7
456	13
112	2
315	4
624	2
691	1
637	9
612	3
474	5
254	2
538	8
631	9
154	5
437	8
219	6
136	0
617	8
713	14
531	6
517	6
473	8
675	7
348	4
575	4
668	9
535	5
413	6
577	9
644	3
320	1
592	7
405	4
677	7
503	8
340	2
648	2
414	3
633	6
632	5
288	2
543	7
605	12
596	7
220	1
459	10
427	6
579	17
605	7
411	3
600	14
289	3
380	7
619	8
580	6
374	3
639	11
633	10
371	7
462	4
616	8
107	3
525	5
650	11
502	7
635	7
666	9
119	3
453	6
522	5
469	13
610	8
114	3
400	6
231	2
281	5
485	11
657	13
637	8
615	2
410	5
630	6
460	3
462	5
384	5
629	12
509	9
619	3
547	5
248	4
520	13
236	3
506	5
176	3
529	9
225	3
399	2
645	9
262	0
755	6
294	3
551	6
597	6
570	7
400	9
624	9
613	12
408	6
214	2
424	7
627	9
128	1
613	2
454	5
459	6
643	9
136	2
598	6
296	2
458	1
580	1
698	7
296	1
270	4
171	0
609	8
433	4
431	7
356	1
648	5
586	13
545	5
654	12
599	9
596	7
495	5
530	7
325	2
217	5
612	6
663	12
214	1
552	6
386	11
234	2
183	3
721	11
242	2
619	3
269	3
754	9
630	5
638	6
614	9
628	13
593	5
726	9
491	6
641	9
134	3
616	8
602	12
390	6
530	4
362	8
521	3
342	10
130	1
602	6
260	3
153	1
534	7
646	10
605	10
130	3
684	6
495	2
162	2
631	7
379	5
455	10
583	17
312	2
443	5
714	14
258	2
509	12
582	15
551	15
542	12
646	13
437	2
477	15
748	5
110	5
652	9
354	8
674	15
596	12
571	13
341	2
